,TAFTIPSI,LLLGIGILV,EENLLDFVRF,NLSALGIFST,RLRPGGKKK,GTSGSPIVNR,LLFGKPVYV,RAKFKQLL,FLKETGGL,KINAWIKVV,QASQEVKNW,ILAKFLHWL,GPGMKARVL,APQPELPYPQPG,QVPLRPMTYK,LLWNGPMAV,LLFGYPRYV,ISPRTLNAW,SLYNTVATL,LLFGPVYV,TPGPGVRYPL,EAAGIGILTV,RPHERNGFTVL,LPEGLPQGQLTAY,SFHSLHLLF,AVFDRKSDAK,GELIGILNAAKVPAD,FLKEQGGL,RMFPNAPYL,AAGIGILTV,YPLHEQHGM,CVETMCNEY,FRDYVDRFYKTLRAEQASQE,CTELKLSDY,ARMILMTHF,RYPLTLGWCF,IPSINVHHY,YILEETSVM,EEYLKAWTF,LGYGFVNYI,HPVGEADYFEY,ALWGPDPAAA,KAFSPEVIPMF,SGEGSFQPSQENP,LPEPLPQGQGTAY,RPPIFIRRL,CVNGSCFTV,LPEPLPQGQLGAY,KRWIIMGLNK,CPSQEPMSIYVY,GTSGSPIIDK,PKYVKQNTLKLAT,FLGKIWPSHK,CINGVCWTV,RLRPGGKKR,APQPELPYPQPGS,KLSALGINAV,DRFYKTLRAEQASQEV,LLFGYAVYV,KLVALGINAV,PSGEGSFQPSQENPQ,HPKVSSEVHI,GLNKIVRMY,TPQDLNTML,VLEETSVML,DPFRLLQNSQVFS,ALGIGILTV,KLGGALQAK,LLFGYPVYV,LNKIVRMYSPTSILD,LPRRSGAAGA,LLFGYPVAV,GILGFVFTL,VMAPRTLIL,LPEPLGQGQLTAY,LPPIVAKEI,RLRPGGRKR,VTEHDTLLY,LQPLALEGSLQKRG,QARQMVQAMRTIGTHP,GLCTLVAML,KIFGSLAFL,RYPLTFGWCF,MLWGYLQYV,LPEPLPQAQLTAY,ILKEPVHGV,VSFIEFVGW,LLFGFPVYV,FLKEMGGL,EEYLQAFTY,GTSGSPIINR,TLNAWVKVV,KRWIILGLNK,NLVPMVATV,GPEPLPQGQLTAY,RFPLTFGWCF,NEGVKAAW,LPEPLPQGQLTGY,MLNIPSINV,FLKEKGGL,FPRPWLHGL,LPEPLPQGGLTAY,RPHERNGFTV,GLIYNRMGAVTTEV,YSEHPTFTSQY,GELIGTLNAAKVPAD,EIYKRWII,FPQGEAREL,QIKVRVKMV,EFFWDANDIY,EPLPQGQLTAY,YVLDHLIVV,QPFPQPELPYP,VAANIVLTV,DEEDAIAAY,TQGYFPDWQNY,FLRGRAYGL,TPRVTGGGAM,GPGHKARVL,SGPLKAEIAQRLED,ELAGIGILTV,ATDALMTGY,CLGGLLTMV,QPLALEGSLQKRG,QIKVRVDMV,HPVGQADYFEY,RPRGEVRFL,VHFFKNIVTPRTPG,FPTKDVAL,SLLMWITQV,LPEPLPQGQLTAY,IVTDFSVIK,GEIYKRWII,IIKDYGKQM,QYDPVAALF,HSKKKCDEL,SLLMWITQC,ELRRKMMYM,HPVGDADYFEY,GMFNMLSTVLGVS
TAFTIPSI,0.0,1.225,1.2450980392156863,1.053191489361702,1.3854166666666667,1.1666666666666667,1.0212765957446808,1.1538461538461537,1.1951219512195121,1.1595744680851063,1.163265306122449,1.22,1.2717391304347827,1.1830985915492958,1.2314814814814814,1.0392156862745099,0.96,1.16,0.8837209302325582,1.0476190476190477,1.103448275862069,1.0543478260869565,1.040983606557377,1.1159420289855073,1.1875,1.1326530612244898,1.0273972602739727,1.2439024390243902,0.9607843137254902,1.024390243902439,1.2272727272727273,1.1636363636363636,1.1893203883495145,1.1020408163265305,1.1956521739130435,1.21875,1.0096153846153846,1.2093023255813953,1.1826923076923077,1.1,1.2538461538461538,1.2105263157894737,0.8070175438596492,1.157142857142857,1.0972222222222223,1.1914893617021276,1.0660377358490567,1.0985915492957747,1.1181818181818182,1.1470588235294117,1.1470588235294117,1.1590909090909092,1.1833333333333333,1.1637931034482758,1.3854166666666667,1.0933333333333333,0.9888888888888889,1.0759493670886076,1.1521739130434783,1.011111111111111,1.170731707317073,1.2075471698113207,1.2826086956521738,1.1063829787234043,1.25,1.1515151515151516,1.1219512195121952,1.302325581395349,0.9795918367346939,1.1689189189189189,1.2448979591836735,0.9130434782608696,1.1666666666666667,1.2738095238095237,1.1521739130434783,1.1477272727272727,1.3854166666666667,1.2708333333333333,1.2573529411764706,1.1341463414634148,1.1111111111111112,1.0465116279069768,1.2272727272727273,1.169811320754717,1.1029411764705883,1.2127659574468086,1.11,0.9583333333333334,1.146341463414634,1.1145833333333333,1.1470588235294117,1.074468085106383,1.1388888888888888,1.1046511627906976,1.1111111111111112,1.2,1.2222222222222223,1.1111111111111112,0.9659090909090909,1.2439024390243902,1.1120689655172413,1.0985915492957747,1.087719298245614,1.157142857142857,1.1507936507936507,1.027027027027027,1.1111111111111112,1.2234042553191489,1.1951219512195121,1.1885245901639343,1.1610169491525424,1.2444444444444445,1.0,1.0,1.2222222222222223,1.0422535211267605,1.2234042553191489,1.1132075471698113,1.2551020408163265,1.213235294117647,1.1195652173913044,1.1956521739130435,1.2127659574468086,1.1953125,1.1904761904761905,1.2538461538461538,1.2659574468085106,1.1282051282051282,1.1951219512195121,1.065217391304348,1.1,1.1547619047619047,1.2549019607843137,1.3191489361702127,1.2127659574468086,1.2352941176470589,1.1372549019607843,1.3478260869565217,1.25,1.0952380952380953
LLLGIGILV,1.225,0.0,1.2450980392156863,0.9361702127659575,1.1458333333333333,1.215686274509804,0.6808510638297872,1.325,1.0731707317073171,1.1702127659574468,1.4489795918367347,1.1,1.1304347826086956,1.3028169014084507,1.3148148148148149,0.9215686274509804,0.78,1.32,1.0930232558139534,0.7619047619047619,1.1637931034482758,0.6739130434782609,1.2131147540983607,1.0579710144927537,1.0,1.3673469387755102,1.095890410958904,1.1219512195121952,1.156862745098039,0.7560975609756098,1.2181818181818183,1.2545454545454544,1.2233009708737863,1.3265306122448979,1.2173913043478262,1.09375,1.2692307692307692,1.0465116279069768,1.3653846153846154,0.96,1.2230769230769232,1.1228070175438596,1.219298245614035,1.2285714285714286,1.0625,1.3617021276595744,0.9811320754716981,1.1408450704225352,1.1,1.2426470588235294,1.1764705882352942,1.2272727272727273,1.1916666666666667,0.9310344827586207,1.1666666666666667,1.3066666666666666,0.8444444444444444,1.259493670886076,0.5869565217391304,0.7777777777777778,1.2317073170731707,1.2452830188679245,1.1304347826086956,1.0638297872340425,0.875,1.0984848484848484,0.6341463414634146,1.1627906976744187,0.653061224489796,1.0945945945945945,1.183673469387755,0.6304347826086957,0.8888888888888888,1.0,1.0289855072463767,1.1363636363636362,1.1666666666666667,1.1041666666666667,1.161764705882353,1.1219512195121952,1.0444444444444445,1.0,1.121212121212121,0.9056603773584906,1.2205882352941178,1.1063829787234043,1.28,0.625,1.024390243902439,1.3333333333333333,1.196078431372549,1.0851063829787233,1.0648148148148149,1.0,1.2013888888888888,1.1076923076923078,1.2666666666666666,1.125,0.9772727272727273,1.1219512195121952,1.1724137931034484,1.1549295774647887,1.2017543859649122,1.092857142857143,1.373015873015873,1.1621621621621623,1.2222222222222223,1.148936170212766,1.1951219512195121,1.2295081967213115,1.1440677966101696,0.8888888888888888,1.3208955223880596,0.875,1.4222222222222223,1.2535211267605635,0.9787234042553191,1.1603773584905661,1.2040816326530612,1.2720588235294117,0.5652173913043479,1.1956521739130435,0.8297872340425532,1.15625,1.1904761904761905,1.2230769230769232,1.1914893617021276,1.1666666666666667,1.2926829268292683,1.065217391304348,1.1428571428571428,0.9047619047619048,1.215686274509804,0.9574468085106383,1.0851063829787233,1.3725490196078431,1.156862745098039,1.1739130434782608,1.2196969696969697,1.1111111111111112
EENLLDFVRF,1.2450980392156863,1.2450980392156863,0.0,1.0784313725490196,1.343137254901961,1.156862745098039,1.215686274509804,1.196078431372549,1.215686274509804,1.1666666666666667,1.156862745098039,1.1862745098039216,1.2352941176470589,1.2535211267605635,1.1111111111111112,1.303921568627451,1.1470588235294117,1.2647058823529411,1.2058823529411764,1.2058823529411764,1.1896551724137931,1.0392156862745099,1.0737704918032787,1.1376811594202898,1.0392156862745099,1.3333333333333333,1.1164383561643836,1.215686274509804,1.3235294117647058,1.196078431372549,1.2454545454545454,1.1545454545454545,1.0679611650485437,1.088235294117647,0.9803921568627451,1.109375,1.1730769230769231,1.1862745098039216,0.8653846153846154,1.196078431372549,1.0307692307692307,1.280701754385965,1.1228070175438596,1.1785714285714286,1.1805555555555556,1.0686274509803921,1.2264150943396226,1.1830985915492958,1.1272727272727272,1.0735294117647058,1.215686274509804,1.1136363636363635,1.2833333333333332,1.2586206896551724,1.343137254901961,1.2333333333333334,1.0784313725490196,1.1518987341772151,1.215686274509804,1.156862745098039,1.1768292682926829,1.0188679245283019,1.0686274509803921,1.196078431372549,1.1274509803921569,1.1742424242424243,1.2352941176470589,1.3627450980392157,1.215686274509804,1.1418918918918919,1.2941176470588236,1.196078431372549,1.0490196078431373,1.2647058823529411,1.144927536231884,1.2647058823529411,1.343137254901961,1.107843137254902,1.1764705882352942,1.1341463414634148,1.2254901960784315,1.2058823529411764,1.106060606060606,1.179245283018868,1.1397058823529411,1.3235294117647058,0.9215686274509804,1.1862745098039216,1.215686274509804,0.8235294117647058,1.1764705882352942,1.1862745098039216,1.1481481481481481,1.088235294117647,1.125,1.123076923076923,1.088235294117647,1.1527777777777777,1.1176470588235294,1.215686274509804,1.1982758620689655,1.1549295774647887,1.1754385964912282,1.2142857142857142,1.1111111111111112,1.1486486486486487,1.1764705882352942,1.284313725490196,1.2254901960784315,1.1229508196721312,1.1101694915254237,1.1666666666666667,1.2164179104477613,1.2058823529411764,1.0098039215686274,1.0,1.1666666666666667,1.1886792452830188,1.284313725490196,1.1764705882352942,1.0784313725490196,1.0980392156862746,1.2058823529411764,1.1328125,1.107843137254902,1.0153846153846153,1.1274509803921569,1.1794871794871795,1.215686274509804,1.1274509803921569,1.1428571428571428,1.1862745098039216,1.1764705882352942,1.2254901960784315,1.107843137254902,1.2450980392156863,1.1470588235294117,1.1862745098039216,1.0454545454545454,1.1666666666666667
NLSALGIFST,1.053191489361702,0.9361702127659575,1.0784313725490196,0.0,1.1666666666666667,0.9607843137254902,1.148936170212766,1.2872340425531914,1.0957446808510638,1.0851063829787233,1.183673469387755,1.2,1.3085106382978724,1.3098591549295775,1.1666666666666667,1.156862745098039,1.24,1.18,1.1170212765957448,1.1595744680851063,1.1724137931034484,0.7234042553191489,1.1967213114754098,1.1956521739130435,1.1041666666666667,1.2244897959183674,1.0684931506849316,1.1170212765957448,1.2450980392156863,0.8936170212765957,1.3454545454545455,1.2545454545454544,1.1407766990291262,1.183673469387755,1.2234042553191489,1.15625,1.0961538461538463,1.2872340425531914,1.1730769230769231,1.23,1.0923076923076924,1.1578947368421053,1.2017543859649122,1.1071428571428572,1.2291666666666667,1.2553191489361701,1.0566037735849056,1.1619718309859155,1.2,1.0808823529411764,0.9607843137254902,1.1136363636363635,1.1166666666666667,1.0948275862068966,1.1666666666666667,1.2733333333333334,0.4893617021276596,1.189873417721519,1.0851063829787233,0.6170212765957447,1.1280487804878048,1.1886792452830188,1.1063829787234043,1.2340425531914894,1.148936170212766,1.0833333333333333,0.851063829787234,1.1063829787234043,1.1224489795918366,1.1486486486486487,1.1428571428571428,1.1702127659574468,0.9042553191489362,1.2553191489361701,1.1014492753623188,1.2553191489361701,1.1666666666666667,1.3333333333333333,1.161764705882353,1.1097560975609757,1.0425531914893618,1.1808510638297873,1.196969696969697,1.2169811320754718,1.1911764705882353,1.1702127659574468,1.16,1.1041666666666667,1.0319148936170213,1.0833333333333333,0.9411764705882353,1.0638297872340425,1.1666666666666667,0.9361702127659575,1.1597222222222223,1.1846153846153846,1.148936170212766,1.2152777777777777,1.0851063829787233,1.1170212765957448,1.2586206896551724,1.0985915492957747,1.0701754385964912,1.0142857142857142,1.1984126984126984,1.0675675675675675,1.202127659574468,1.351063829787234,1.1702127659574468,1.1639344262295082,1.1864406779661016,1.2872340425531914,1.291044776119403,1.1063829787234043,1.2234042553191489,1.147887323943662,1.1382978723404256,1.1132075471698113,1.3571428571428572,1.2205882352941178,0.6170212765957447,1.127659574468085,1.0851063829787233,1.1640625,1.1702127659574468,1.0923076923076924,1.3404255319148937,1.205128205128205,1.2340425531914894,1.0425531914893618,1.1928571428571428,1.1702127659574468,1.284313725490196,1.2127659574468086,1.202127659574468,1.2549019607843137,1.0588235294117647,1.1702127659574468,1.106060606060606,1.0238095238095237
RLRPGGKKK,1.3854166666666667,1.1458333333333333,1.343137254901961,1.1666666666666667,0.0,1.2450980392156863,1.2083333333333333,1.1354166666666667,1.09375,1.0416666666666667,1.1020408163265305,1.28,1.0625,1.1408450704225352,1.0092592592592593,1.0588235294117647,1.2,1.3,1.2083333333333333,1.2291666666666667,1.0862068965517242,1.3125,1.0901639344262295,1.1739130434782608,1.3125,1.193877551020408,1.2465753424657535,1.09375,0.8823529411764706,1.2083333333333333,1.309090909090909,1.1818181818181819,1.1310679611650485,1.3265306122448979,1.3958333333333333,1.1953125,1.3269230769230769,1.2083333333333333,1.3269230769230769,1.3599999999999999,1.123076923076923,1.1052631578947367,1.280701754385965,1.0642857142857143,1.0972222222222223,1.1458333333333333,1.2452830188679245,1.1830985915492958,1.0909090909090908,1.2573529411764706,1.2058823529411764,1.2121212121212122,1.0416666666666667,1.2586206896551724,0.0625,1.1266666666666667,1.1041666666666667,1.1012658227848102,1.25,1.1458333333333333,1.0853658536585367,1.2452830188679245,1.1458333333333333,1.25,1.1458333333333333,1.1818181818181819,1.1041666666666667,0.875,1.2857142857142856,1.1756756756756757,1.1122448979591837,1.2708333333333333,1.3333333333333333,1.125,1.0797101449275361,1.1458333333333333,0.125,1.3125,1.0441176470588236,1.0609756097560976,1.2708333333333333,1.2291666666666667,1.1742424242424243,1.2264150943396226,1.1838235294117647,1.1666666666666667,1.44,1.2916666666666667,1.09375,1.3333333333333333,1.2450980392156863,1.0416666666666667,1.0648148148148149,1.0416666666666667,1.1805555555555556,1.1615384615384616,1.2395833333333333,1.1805555555555556,1.1458333333333333,1.09375,1.0862068965517242,1.0985915492957747,1.0964912280701755,1.1214285714285714,1.2857142857142856,1.2432432432432432,1.2395833333333333,1.1458333333333333,1.0,1.2950819672131146,1.076271186440678,1.3541666666666667,1.1865671641791045,1.3958333333333333,1.2916666666666667,1.147887323943662,1.0833333333333333,1.0,1.0408163265306123,1.1985294117647058,1.2083333333333333,1.2708333333333333,1.1666666666666667,1.109375,1.125,1.123076923076923,1.0,1.1666666666666667,1.3854166666666667,1.1875,1.1857142857142857,1.1458333333333333,1.2647058823529411,0.8333333333333334,1.0833333333333333,1.0784313725490196,1.196078431372549,1.0416666666666667,1.1515151515151516,1.3015873015873016
GTSGSPIVNR,1.1666666666666667,1.215686274509804,1.156862745098039,0.9607843137254902,1.2450980392156863,0.0,1.0588235294117647,1.2254901960784315,1.2352941176470589,1.284313725490196,1.0588235294117647,1.303921568627451,1.156862745098039,1.2394366197183098,1.0,1.215686274509804,1.1666666666666667,1.2549019607843137,1.1764705882352942,1.1862745098039216,1.146551724137931,0.9411764705882353,1.2049180327868854,1.0724637681159421,1.2941176470588236,1.196078431372549,1.095890410958904,1.3333333333333333,1.2450980392156863,1.0588235294117647,1.2454545454545454,1.2636363636363637,1.174757281553398,1.196078431372549,1.3137254901960784,1.265625,1.1634615384615385,1.3137254901960784,1.3942307692307692,1.1666666666666667,1.1692307692307693,1.1052631578947367,1.1929824561403508,1.0214285714285714,1.1736111111111112,1.1666666666666667,1.0943396226415094,1.176056338028169,1.1090909090909091,1.0808823529411764,0.17647058823529416,1.2727272727272727,1.2333333333333334,1.2327586206896552,1.1862745098039216,1.1466666666666667,1.1372549019607843,1.2151898734177216,1.2549019607843137,1.2549019607843137,1.1341463414634148,1.0754716981132075,1.088235294117647,1.2941176470588236,1.2254901960784315,1.2045454545454546,1.0980392156862746,1.0784313725490196,1.0980392156862746,1.195945945945946,1.1176470588235294,1.0784313725490196,1.0196078431372548,1.2352941176470589,1.2318840579710144,1.1470588235294117,1.2058823529411764,1.156862745098039,1.1544117647058822,1.170731707317073,1.1372549019607843,1.1176470588235294,1.2575757575757576,1.3018867924528301,1.1911764705882353,1.1764705882352942,1.1764705882352942,1.0980392156862746,1.3333333333333333,1.3725490196078431,0.019607843137254943,1.2549019607843137,1.1111111111111112,1.2058823529411764,1.0416666666666667,1.2615384615384615,1.2745098039215685,1.1527777777777777,1.0392156862745099,1.3333333333333333,1.2844827586206897,1.1830985915492958,1.2456140350877192,1.0285714285714285,1.1904761904761905,1.0945945945945945,1.2352941176470589,1.2254901960784315,1.3235294117647058,1.2950819672131146,1.2457627118644068,1.2549019607843137,1.1791044776119404,1.156862745098039,1.196078431372549,1.119718309859155,1.2352941176470589,1.169811320754717,1.1372549019607843,1.1029411764705883,0.9607843137254902,1.1176470588235294,1.215686274509804,1.15625,1.3235294117647058,1.1692307692307693,1.215686274509804,1.1923076923076923,1.2647058823529411,1.2941176470588236,1.1857142857142857,1.1372549019607843,1.107843137254902,1.284313725490196,1.2647058823529411,1.2941176470588236,1.2941176470588236,1.2941176470588236,1.1666666666666667,1.119047619047619
LLFGKPVYV,1.0212765957446808,0.6808510638297872,1.215686274509804,1.148936170212766,1.2083333333333333,1.0588235294117647,0.0,1.2340425531914894,1.2234042553191489,1.1702127659574468,1.306122448979592,1.08,1.2340425531914894,1.1619718309859155,1.037037037037037,0.6666666666666667,0.33999999999999997,1.26,0.9787234042553191,0.276595744680851,1.2241379310344827,1.148936170212766,1.180327868852459,1.0289855072463767,1.1458333333333333,1.1224489795918366,1.191780821917808,1.2234042553191489,0.8235294117647058,1.2340425531914894,1.1636363636363636,1.2727272727272727,1.1601941747572815,1.2653061224489797,1.2127659574468086,1.2265625,1.2115384615384615,1.0638297872340425,1.1730769230769231,0.78,1.1,0.8947368421052632,1.0701754385964912,1.2285714285714286,1.1319444444444444,1.1063829787234043,0.9811320754716981,1.1338028169014085,1.190909090909091,1.036764705882353,1.0392156862745099,1.0909090909090908,0.9416666666666667,1.0344827586206897,1.2291666666666667,1.1733333333333333,1.148936170212766,1.0886075949367089,0.3191489361702128,1.127659574468085,1.2439024390243902,1.0849056603773586,1.2340425531914894,1.2553191489361701,0.9574468085106383,1.0075757575757576,1.127659574468085,1.1063829787234043,0.18367346938775508,1.1283783783783783,1.2346938775510203,0.34042553191489366,1.0638297872340425,0.9787234042553191,1.1376811594202898,1.0638297872340425,1.2916666666666667,1.1666666666666667,1.125,1.2134146341463414,1.1702127659574468,0.7234042553191489,1.128787878787879,0.679245283018868,1.1397058823529411,0.8723404255319149,1.08,0.1875,1.1808510638297873,1.2291666666666667,1.0588235294117647,1.0851063829787233,1.1944444444444444,1.0638297872340425,1.1458333333333333,1.1307692307692307,1.297872340425532,1.1319444444444444,0.9574468085106383,1.1702127659574468,1.1206896551724137,1.1267605633802817,1.1666666666666667,1.0785714285714285,1.1825396825396826,1.2027027027027026,1.0851063829787233,1.0851063829787233,1.1063829787234043,1.0737704918032787,1.1610169491525424,0.9787234042553191,0.9776119402985075,1.0851063829787233,1.3829787234042552,1.2183098591549295,0.8936170212765957,1.2924528301886793,1.2244897959183674,1.2426470588235294,1.0425531914893618,1.202127659574468,0.9148936170212766,1.203125,1.127659574468085,1.1,1.0425531914893618,1.0512820512820513,1.1170212765957448,1.0851063829787233,1.1357142857142857,1.0638297872340425,1.1274509803921569,0.9787234042553191,1.2553191489361701,1.2352941176470589,1.1764705882352942,0.8297872340425532,1.128787878787879,1.1507936507936507
RAKFKQLL,1.1538461538461537,1.325,1.196078431372549,1.2872340425531914,1.1354166666666667,1.2254901960784315,1.2340425531914894,0.0,1.1219512195121952,1.127659574468085,1.1734693877551021,0.9,1.0434782608695652,1.147887323943662,1.1203703703703705,1.2647058823529411,1.2,1.3,1.244186046511628,1.2857142857142856,1.1896551724137931,1.1630434782608696,1.0327868852459017,1.2391304347826086,1.1666666666666667,1.2448979591836735,1.226027397260274,1.0731707317073171,1.0686274509803921,1.170731707317073,1.1636363636363636,1.309090909090909,1.1213592233009708,1.2040816326530612,1.25,1.15625,1.3076923076923077,1.255813953488372,1.1538461538461537,1.1400000000000001,1.2076923076923076,1.3070175438596492,1.0701754385964912,1.207142857142857,1.2430555555555556,0.9787234042553191,1.2735849056603774,1.232394366197183,1.2363636363636363,1.2279411764705883,1.2058823529411764,1.121212121212121,1.2833333333333332,1.3103448275862069,1.1770833333333333,1.2066666666666666,1.2,1.0696202531645569,1.2826086956521738,1.2333333333333334,1.1951219512195121,1.1226415094339623,1.1304347826086956,1.0851063829787233,1.2,1.2045454545454546,1.2926829268292683,1.2209302325581395,1.2653061224489797,1.135135135135135,1.2959183673469388,1.2826086956521738,1.2,1.1428571428571428,1.2391304347826086,1.2613636363636362,1.1770833333333333,1.1041666666666667,1.213235294117647,1.0731707317073171,1.1777777777777778,1.0813953488372092,1.0681818181818181,1.1132075471698113,1.2205882352941178,1.2872340425531914,1.21,1.2083333333333333,1.1219512195121952,1.21875,1.2058823529411764,1.1702127659574468,1.2407407407407407,1.2790697674418605,1.2291666666666667,1.0692307692307692,1.0666666666666667,1.2291666666666667,1.1818181818181819,0.975609756097561,1.1896551724137931,1.2464788732394365,1.1140350877192982,1.1357142857142857,1.1111111111111112,1.222972972972973,1.0444444444444445,1.1595744680851063,0.9512195121951219,1.1639344262295082,1.2457627118644068,1.3,1.171641791044776,1.2307692307692308,1.3444444444444446,1.1619718309859155,1.1914893617021276,1.1981132075471699,1.0612244897959184,1.0735294117647058,1.2717391304347827,1.315217391304348,1.2553191489361701,1.203125,0.9761904761904762,1.1923076923076923,0.9787234042553191,1.0576923076923077,1.1951219512195121,1.2717391304347827,1.2357142857142858,1.1904761904761905,1.0196078431372548,1.1063829787234043,1.1914893617021276,0.9803921568627451,1.2450980392156863,1.0217391304347827,1.2045454545454546,1.1825396825396826
FLKETGGL,1.1951219512195121,1.0731707317073171,1.215686274509804,1.0957446808510638,1.09375,1.2352941176470589,1.2234042553191489,1.1219512195121952,0.0,1.2446808510638299,1.2040816326530612,1.06,1.25,1.2253521126760563,1.2685185185185186,1.1666666666666667,1.21,1.16,1.0232558139534884,1.1666666666666667,1.1206896551724137,1.1304347826086956,1.0327868852459017,1.144927536231884,1.2916666666666667,1.1122448979591837,1.1986301369863013,0.14634146341463417,1.196078431372549,1.2804878048780488,0.8545454545454545,1.190909090909091,1.1019417475728155,1.2448979591836735,1.3369565217391304,1.1484375,1.3076923076923077,0.7906976744186046,1.1634615384615385,1.23,1.2692307692307692,1.131578947368421,1.219298245614035,1.1857142857142857,1.1597222222222223,1.0957446808510638,1.2169811320754718,1.084507042253521,1.2454545454545454,1.25,1.2352941176470589,1.143939393939394,1.05,1.1982758620689655,1.09375,1.1866666666666668,1.0555555555555556,1.1455696202531644,1.2282608695652173,1.1,1.201219512195122,1.1603773584905661,1.2173913043478262,1.1914893617021276,0.8292682926829268,1.2424242424242424,1.2317073170731707,1.1511627906976745,1.2142857142857142,1.1689189189189189,0.9489795918367347,1.184782608695652,1.2222222222222223,1.1666666666666667,1.1304347826086956,1.1704545454545454,1.09375,1.2291666666666667,1.1323529411764706,1.1585365853658536,1.2222222222222223,1.1744186046511629,1.128787878787879,1.1603773584905661,1.2058823529411764,0.7659574468085106,1.09,1.21875,0.14634146341463417,1.28125,1.2352941176470589,1.2340425531914894,1.25,1.255813953488372,1.2222222222222223,1.1153846153846154,1.2888888888888888,1.1111111111111112,1.1590909090909092,0.14634146341463417,0.9482758620689655,1.0422535211267605,1.0789473684210527,1.15,1.0793650793650793,1.2094594594594594,1.1555555555555554,0.9787234042553191,1.1951219512195121,1.1639344262295082,1.1864406779661016,1.2,1.2462686567164178,1.3536585365853657,1.2666666666666666,1.1408450704225352,0.7659574468085106,0.8962264150943396,1.2346938775510203,1.1911764705882353,1.1195652173913044,1.2282608695652173,1.0106382978723405,1.1640625,1.1666666666666667,1.2692307692307692,1.1702127659574468,1.0833333333333333,0.926829268292683,1.2608695652173914,1.157142857142857,1.2142857142857142,1.2647058823529411,0.8936170212765957,1.2127659574468086,1.0980392156862746,1.2745098039215685,1.1956521739130435,1.25,1.1825396825396826
KINAWIKVV,1.1595744680851063,1.1702127659574468,1.1666666666666667,1.0851063829787233,1.0416666666666667,1.284313725490196,1.1702127659574468,1.127659574468085,1.2446808510638299,0.0,1.0204081632653061,1.08,1.0638297872340425,1.267605633802817,1.2314814814814814,1.1176470588235294,0.98,0.94,1.0212765957446808,1.1914893617021276,1.1724137931034484,1.1063829787234043,1.1147540983606556,1.1739130434782608,1.1041666666666667,1.2755102040816326,1.143835616438356,1.2446808510638299,1.0980392156862746,0.9787234042553191,1.3454545454545455,1.0909090909090908,1.1310679611650485,1.2040816326530612,1.2765957446808511,1.1484375,1.1730769230769231,1.0212765957446808,1.0,1.04,1.3,1.1666666666666667,1.087719298245614,1.2714285714285714,1.25,0.9787234042553191,0.9433962264150944,1.1690140845070423,1.0454545454545454,1.1764705882352942,1.303921568627451,1.128787878787879,1.0916666666666666,0.9137931034482758,1.0625,1.26,0.7872340425531915,1.1455696202531644,1.0212765957446808,0.8723404255319149,1.2560975609756098,1.0849056603773586,0.851063829787234,1.1914893617021276,1.1063829787234043,1.25,0.9148936170212766,0.8936170212765957,1.0612244897959184,1.1283783783783783,1.3571428571428572,1.0425531914893618,0.9787234042553191,1.127659574468085,1.1739130434782608,1.127659574468085,1.125,1.25,1.2720588235294117,1.0975609756097562,1.0212765957446808,0.9148936170212766,1.143939393939394,0.9056603773584906,1.1764705882352942,1.0638297872340425,1.18,1.0833333333333333,1.2446808510638299,1.2083333333333333,1.2647058823529411,0.19148936170212771,1.0462962962962963,0.9361702127659575,1.1666666666666667,1.1307692307692307,1.1170212765957448,1.2222222222222223,1.0425531914893618,1.2446808510638299,0.9482758620689655,1.2112676056338028,1.131578947368421,1.0857142857142856,1.246031746031746,1.1283783783783783,0.8829787234042553,1.1914893617021276,0.6808510638297872,1.139344262295082,1.1864406779661016,0.9787234042553191,1.2462686567164178,1.1063829787234043,1.148936170212766,1.1971830985915493,1.1914893617021276,1.2735849056603774,1.0816326530612246,1.2426470588235294,1.0425531914893618,1.0638297872340425,0.9361702127659575,1.25,0.8085106382978724,1.3,0.9787234042553191,1.1474358974358974,1.3085106382978724,0.7021276595744681,1.1714285714285715,1.0851063829787233,1.0490196078431373,0.9787234042553191,1.1063829787234043,1.196078431372549,0.8235294117647058,1.0212765957446808,1.2803030303030303,1.1349206349206349
QASQEVKNW,1.163265306122449,1.4489795918367347,1.156862745098039,1.183673469387755,1.1020408163265305,1.0588235294117647,1.306122448979592,1.1734693877551021,1.2040816326530612,1.0204081632653061,0.0,1.16,1.1020408163265305,1.1267605633802817,1.1296296296296295,1.2549019607843137,1.28,0.86,1.0612244897959184,1.346938775510204,1.1896551724137931,1.1428571428571428,1.180327868852459,1.1739130434782608,1.2653061224489797,1.2346938775510203,1.2123287671232876,1.2448979591836735,1.156862745098039,1.0816326530612246,1.0545454545454545,1.0909090909090908,1.0145631067961165,1.0,1.1428571428571428,1.1484375,0.9423076923076923,1.0204081632653061,1.0,1.2,1.1153846153846154,1.219298245614035,1.0175438596491229,0.9857142857142858,1.1944444444444444,1.0816326530612246,1.2075471698113207,1.176056338028169,1.1,0.9852941176470589,1.1764705882352942,1.2121212121212122,1.1583333333333332,1.2413793103448276,1.1020408163265305,1.1400000000000001,1.183673469387755,0.930379746835443,1.3265306122448979,1.2448979591836735,1.0609756097560976,1.0849056603773586,0.9591836734693877,1.2040816326530612,1.2040816326530612,1.143939393939394,1.183673469387755,1.1224489795918366,1.3673469387755102,1.2027027027027026,1.306122448979592,1.3673469387755102,1.2244897959183674,1.2040816326530612,1.1666666666666667,1.1428571428571428,1.163265306122449,1.0612244897959184,1.1397058823529411,0.975609756097561,1.183673469387755,1.183673469387755,1.1742424242424243,1.2075471698113207,1.1176470588235294,1.0612244897959184,0.86,1.3877551020408163,1.183673469387755,1.0408163265306123,1.0784313725490196,1.0408163265306123,1.1018518518518519,1.1224489795918366,1.1597222222222223,1.176923076923077,0.9489795918367347,1.1319444444444444,1.1224489795918366,1.2448979591836735,1.1896551724137931,1.1971830985915493,1.1842105263157894,1.1785714285714286,1.119047619047619,1.2094594594594594,1.030612244897959,1.0204081632653061,0.8775510204081632,1.1147540983606556,1.1271186440677967,1.2244897959183674,1.0970149253731343,1.0204081632653061,1.0,1.0492957746478873,1.2244897959183674,1.2924528301886793,1.1020408163265305,1.125,1.183673469387755,1.0612244897959184,1.2857142857142856,1.09375,1.0,1.1384615384615384,0.9387755102040817,1.2115384615384615,1.1428571428571428,1.1428571428571428,1.1642857142857144,1.2653061224489797,1.0588235294117647,1.1020408163265305,1.0612244897959184,1.0196078431372548,1.1176470588235294,1.0204081632653061,1.143939393939394,1.2619047619047619
ILAKFLHWL,1.22,1.1,1.1862745098039216,1.2,1.28,1.303921568627451,1.08,0.9,1.06,1.08,1.16,0.0,1.2,1.2394366197183098,1.2037037037037037,1.0392156862745099,0.9,0.98,1.02,1.12,1.1551724137931034,1.23,1.2622950819672132,1.1884057971014492,1.11,1.23,1.2397260273972603,1.08,1.0784313725490196,1.2,1.0545454545454545,1.1090909090909091,1.1310679611650485,1.2,1.17,1.0625,0.9615384615384616,1.1,1.1442307692307692,0.88,1.2307692307692308,1.131578947368421,1.1929824561403508,1.35,1.25,1.02,1.169811320754717,1.1830985915492958,1.1727272727272728,1.1911764705882353,1.2254901960784315,1.2272727272727273,0.9916666666666667,1.1379310344827587,1.28,1.22,1.12,1.1835443037974684,0.92,1.1,1.2804878048780488,1.179245283018868,0.96,1.16,0.94,1.1893939393939394,1.1,1.08,0.96,1.1756756756756757,1.32,1.06,0.94,0.96,1.1884057971014492,1.1,1.26,1.2,1.2205882352941178,1.1829268292682926,0.98,1.0,1.121212121212121,0.8113207547169812,1.1911764705882353,0.76,0.94,0.9,1.0,1.18,1.284313725490196,1.02,1.175925925925926,1.04,1.25,1.1076923076923078,1.22,1.1875,1.22,1.08,0.8275862068965517,1.1830985915492958,1.3245614035087718,1.2428571428571429,1.1984126984126984,1.2297297297297298,1.03,1.18,1.1400000000000001,1.1639344262295082,1.288135593220339,1.08,1.1940298507462686,0.94,1.24,1.0211267605633803,0.98,1.349056603773585,1.22,1.1838235294117647,1.1400000000000001,1.16,0.94,1.3125,1.1400000000000001,1.2153846153846155,1.12,1.1346153846153846,1.12,1.0,1.1857142857142857,1.0,1.1470588235294117,0.96,1.18,1.0980392156862746,1.0196078431372548,0.94,1.2272727272727273,1.1349206349206349
GPGMKARVL,1.2717391304347827,1.1304347826086956,1.2352941176470589,1.3085106382978724,1.0625,1.156862745098039,1.2340425531914894,1.0434782608695652,1.25,1.0638297872340425,1.1020408163265305,1.2,0.0,1.1338028169014085,1.2407407407407407,1.1176470588235294,1.17,1.18,1.1304347826086956,1.184782608695652,0.8793103448275862,1.1304347826086956,1.0,1.1159420289855073,1.25,1.2040816326530612,1.095890410958904,1.25,1.0784313725490196,0.9565217391304348,1.0545454545454545,1.2181818181818183,1.203883495145631,1.1020408163265305,1.1739130434782608,1.21875,1.0,1.1304347826086956,0.9615384615384616,1.12,1.1153846153846154,1.0964912280701755,1.2105263157894737,1.2,1.1388888888888888,0.8723404255319149,1.1886792452830188,1.1690140845070423,1.2454545454545454,1.0,1.156862745098039,1.0984848484848484,1.1833333333333333,1.2241379310344827,1.0,1.1333333333333333,1.184782608695652,1.1518987341772151,1.2826086956521738,1.184782608695652,1.146341463414634,0.9433962264150944,0.9130434782608696,1.0,1.1739130434782608,1.0909090909090908,1.0,1.0869565217391304,1.3265306122448979,1.2094594594594594,1.183673469387755,1.3260869565217392,1.1304347826086956,1.0,1.1304347826086956,0.8695652173913043,1.0625,1.2291666666666667,1.2279411764705883,1.1524390243902438,0.9782608695652174,1.2173913043478262,1.2272727272727273,1.2452830188679245,1.1691176470588236,1.2553191489361701,1.3,1.3333333333333333,1.25,1.0625,1.156862745098039,1.0425531914893618,1.25,1.1630434782608696,1.0138888888888888,1.2307692307692308,0.8913043478260869,1.1944444444444444,1.2173913043478262,1.2282608695652173,1.0517241379310345,1.084507042253521,1.1140350877192982,1.0714285714285714,1.2222222222222223,1.1013513513513513,1.1739130434782608,0.7659574468085106,1.0,1.2131147540983607,1.1271186440677967,1.2608695652173914,1.1567164179104479,1.2173913043478262,1.2391304347826086,1.1901408450704225,1.127659574468085,1.0660377358490567,0.20408163265306123,1.0,1.1739130434782608,1.2391304347826086,1.1063829787234043,1.1171875,1.065217391304348,1.1153846153846154,0.8085106382978724,1.1602564102564104,1.0217391304347827,1.1739130434782608,1.157142857142857,1.3260869565217392,0.8823529411764706,1.2553191489361701,1.127659574468085,1.0196078431372548,1.196078431372549,1.0869565217391304,1.143939393939394,1.0317460317460316
APQPELPYPQPG,1.1830985915492958,1.3028169014084507,1.2535211267605635,1.3098591549295775,1.1408450704225352,1.2394366197183098,1.1619718309859155,1.147887323943662,1.2253521126760563,1.267605633802817,1.1267605633802817,1.2394366197183098,1.1338028169014085,0.0,1.1126760563380282,1.176056338028169,1.084507042253521,1.1971830985915493,1.26056338028169,1.204225352112676,0.823943661971831,1.267605633802817,1.1056338028169015,1.0211267605633803,1.2464788732394365,1.2112676056338028,1.2123287671232876,1.1971830985915493,0.971830985915493,1.1901408450704225,1.0352112676056338,1.2183098591549295,1.1941747572815533,1.119718309859155,1.1830985915492958,1.1619718309859155,1.1126760563380282,1.2394366197183098,1.2535211267605635,1.1971830985915493,1.028169014084507,1.0140845070422535,1.1126760563380282,1.0633802816901408,0.875,1.1338028169014085,1.2464788732394365,0.795774647887324,1.3028169014084507,1.0352112676056338,1.2253521126760563,1.2112676056338028,1.1830985915492958,1.26056338028169,1.1408450704225352,0.16000000000000003,1.295774647887324,1.1645569620253164,1.2394366197183098,1.3098591549295775,1.0121951219512195,1.1408450704225352,1.26056338028169,1.091549295774648,1.26056338028169,1.1126760563380282,1.2183098591549295,1.1690140845070423,1.1267605633802817,1.2094594594594594,1.0985915492957747,1.0985915492957747,1.2394366197183098,1.1619718309859155,1.0,1.1126760563380282,1.1408450704225352,1.119718309859155,1.0422535211267605,1.1829268292682926,1.26056338028169,1.2112676056338028,1.1619718309859155,1.1549295774647887,0.8802816901408451,1.119718309859155,1.2183098591549295,1.1830985915492958,1.2394366197183098,1.2183098591549295,1.2394366197183098,1.2394366197183098,1.2746478873239437,1.1971830985915493,0.8819444444444444,1.2112676056338028,1.2183098591549295,0.875,1.1901408450704225,1.2253521126760563,0.9929577464788732,0.8380281690140845,1.0985915492957747,1.1267605633802817,1.1619718309859155,1.2094594594594594,1.26056338028169,1.0140845070422535,1.2394366197183098,1.2816901408450705,1.0070422535211268,1.2535211267605635,0.5704225352112676,1.2464788732394365,1.176056338028169,1.0985915492957747,1.267605633802817,1.1267605633802817,1.1338028169014085,1.1267605633802817,1.2183098591549295,1.147887323943662,1.267605633802817,1.028169014084507,1.2394366197183098,1.0704225352112675,1.0,1.0256410256410255,1.0774647887323943,1.2112676056338028,0.8943661971830986,1.267605633802817,1.2535211267605635,1.1549295774647887,1.1971830985915493,1.1901408450704225,1.2112676056338028,1.1126760563380282,1.0704225352112675,1.2887323943661972
QVPLRPMTYK,1.2314814814814814,1.3148148148148149,1.1111111111111112,1.1666666666666667,1.0092592592592593,1.0,1.037037037037037,1.1203703703703705,1.2685185185185186,1.2314814814814814,1.1296296296296295,1.2037037037037037,1.2407407407407407,1.1126760563380282,0.0,1.1296296296296295,1.1481481481481481,1.0925925925925926,1.2222222222222223,1.1111111111111112,1.1724137931034484,1.2222222222222223,1.0901639344262295,1.0724637681159421,1.2407407407407407,1.0,1.1712328767123288,1.25,0.9907407407407407,1.1481481481481481,1.0909090909090908,1.1636363636363636,1.1504854368932038,1.074074074074074,1.0833333333333333,1.046875,1.1111111111111112,1.0925925925925926,0.9814814814814815,1.2037037037037037,1.1307692307692307,1.2543859649122808,1.1578947368421053,1.207142857142857,1.1111111111111112,1.0833333333333333,1.2407407407407407,1.147887323943662,1.1818181818181819,1.0441176470588236,0.9814814814814815,1.0909090909090908,1.0833333333333333,1.293103448275862,1.0277777777777777,1.0733333333333333,1.1296296296296295,1.1772151898734178,1.1851851851851851,1.1481481481481481,1.1768292682926829,1.1296296296296295,1.2407407407407407,1.1481481481481481,1.2685185185185186,1.053030303030303,1.1296296296296295,1.1296296296296295,1.1111111111111112,1.2094594594594594,1.2037037037037037,1.2222222222222223,1.2592592592592593,1.1666666666666667,1.1159420289855073,1.0833333333333333,1.0277777777777777,1.1666666666666667,1.088235294117647,1.0,1.2685185185185186,1.074074074074074,1.0151515151515151,1.1481481481481481,1.0441176470588236,1.1666666666666667,1.2777777777777777,1.1203703703703705,1.1574074074074074,0.9074074074074074,1.0185185185185186,1.3148148148148149,1.1851851851851851,1.1203703703703705,1.0555555555555556,1.0153846153846153,1.25,1.0694444444444444,1.1111111111111112,1.2685185185185186,1.1379310344827587,1.0704225352112675,1.2017543859649122,1.15,1.1666666666666667,1.1689189189189189,1.0555555555555556,1.212962962962963,0.962962962962963,1.2295081967213115,1.0,1.1296296296296295,0.9253731343283582,1.2407407407407407,1.2407407407407407,1.1619718309859155,1.1574074074074074,1.2777777777777777,1.2407407407407407,1.0661764705882353,1.2037037037037037,1.1481481481481481,1.2314814814814814,1.1015625,0.962962962962963,1.1307692307692307,1.074074074074074,1.108974358974359,1.1851851851851851,1.0925925925925926,1.0571428571428572,1.175925925925926,1.2037037037037037,1.2685185185185186,1.1203703703703705,1.2962962962962963,1.1111111111111112,0.8703703703703703,1.128787878787879,1.2698412698412698
