
 *************************************************************************
 *                                 TM-SCORE                              *
 * A scoring function to assess the similarity of protein structures     *
 * Based on statistics:                                                  *
 *       0.0 < TM-score < 0.17, random structural similarity             *
 *       0.5 < TM-score < 1.00, in about the same fold                   *
 * Reference: Yang Zhang and Jeffrey Skolnick, Proteins 2004 57: 702-710 *
 * For comments, please email to: yangzhanglab@umich.edu                 *
 *************************************************************************

Structure1: /home/kristine/Desktop/Canonical_structures_generation/CDR1_CD2_loops/TRBV17*01_CDR2.pdb    Length=   20
Structure2: /home/kristine/Desktop/Canonical_structures_generation/CDR1_CD2_loops/TRBV17*01_CDR2.pdb    Length=   20 (by which all scores are normalized)
Number of residues in common=   20
RMSD of  the common residues=    0.000

TM-score    = 1.0000  (d0= 0.50)
MaxSub-score= 1.0000  (d0= 3.50)
GDT-TS-score= 1.0000 %(d<1)=1.0000 %(d<2)=1.0000 %(d<4)=1.0000 %(d<8)=1.0000
GDT-HA-score= 1.0000 %(d<0.5)=1.0000 %(d<1)=1.0000 %(d<2)=1.0000 %(d<4)=1.0000

 -------- rotation matrix to rotate Chain-1 to Chain-2 ------
 i          t(i)         u(i,1)         u(i,2)         u(i,3)
 1      0.0000000000   1.0000000000  -0.0000000000  -0.0000000000
 2      0.0000000000   0.0000000000   1.0000000000   0.0000000000
 3     -0.0000000000   0.0000000000  -0.0000000000   1.0000000000

Superposition in the TM-score: Length(d<5.0)= 20
(":" denotes the residue pairs of distance < 5.0 Angstrom)
LFYYDKILNREADTFEKFQS
::::::::::::::::::::
LFYYDKILNREADTFEKFQS
12345678901234567890

0,0

 *************************************************************************
 *                                 TM-SCORE                              *
 * A scoring function to assess the similarity of protein structures     *
 * Based on statistics:                                                  *
 *       0.0 < TM-score < 0.17, random structural similarity             *
 *       0.5 < TM-score < 1.00, in about the same fold                   *
 * Reference: Yang Zhang and Jeffrey Skolnick, Proteins 2004 57: 702-710 *
 * For comments, please email to: yangzhanglab@umich.edu                 *
 *************************************************************************

Structure1: /home/kristine/Desktop/Canonical_structures_generation/CDR1_CD2_loops/TRBV12-2*02_CDR2.pdb    Length=   20
Structure2: /home/kristine/Desktop/Canonical_structures_generation/CDR1_CD2_loops/TRBV17*01_CDR2.pdb    Length=   20 (by which all scores are normalized)
Number of residues in common=   19
RMSD of  the common residues=    3.372

TM-score    = 0.1688  (d0= 0.50)
MaxSub-score= 0.5874  (d0= 3.50)
GDT-TS-score= 0.6375 %(d<1)=0.3000 %(d<2)=0.5500 %(d<4)=0.7500 %(d<8)=0.9500
GDT-HA-score= 0.4500 %(d<0.5)=0.2000 %(d<1)=0.3000 %(d<2)=0.5500 %(d<4)=0.7500

 -------- rotation matrix to rotate Chain-1 to Chain-2 ------
 i          t(i)         u(i,1)         u(i,2)         u(i,3)
 1    -77.9213729900   0.4239736409   0.4712858708   0.7733925134
 2     42.0055983649  -0.0883010021   0.8713827270  -0.4825920390
 3   -146.6614272249  -0.9013596867   0.1363149699   0.4110583221

Superposition in the TM-score: Length(d<5.0)= 15
(":" denotes the residue pairs of distance < 5.0 Angstrom)
IQHYDKMERDKG-NLPSRFSV
::::::    :  ::::::::
LFYYDK-ILNREADTFEKFQS
123456789012345678901

0,1

 *************************************************************************
 *                                 TM-SCORE                              *
 * A scoring function to assess the similarity of protein structures     *
 * Based on statistics:                                                  *
 *       0.0 < TM-score < 0.17, random structural similarity             *
 *       0.5 < TM-score < 1.00, in about the same fold                   *
 * Reference: Yang Zhang and Jeffrey Skolnick, Proteins 2004 57: 702-710 *
 * For comments, please email to: yangzhanglab@umich.edu                 *
 *************************************************************************

Structure1: /home/kristine/Desktop/Canonical_structures_generation/CDR1_CD2_loops/TRBV19*03_CDR2.pdb    Length=   20
Structure2: /home/kristine/Desktop/Canonical_structures_generation/CDR1_CD2_loops/TRBV17*01_CDR2.pdb    Length=   20 (by which all scores are normalized)
Number of residues in common=   19
RMSD of  the common residues=    1.735

TM-score    = 0.3105  (d0= 0.50)
MaxSub-score= 0.7964  (d0= 3.50)
GDT-TS-score= 0.8125 %(d<1)=0.6500 %(d<2)=0.7000 %(d<4)=0.9500 %(d<8)=0.9500
GDT-HA-score= 0.6500 %(d<0.5)=0.3000 %(d<1)=0.6500 %(d<2)=0.7000 %(d<4)=0.9500

 -------- rotation matrix to rotate Chain-1 to Chain-2 ------
 i          t(i)         u(i,1)         u(i,2)         u(i,3)
 1   -103.5105738402   0.3126568239   0.3451034443   0.8849572437
 2     24.8449570515  -0.0495096185   0.9363195999  -0.3476412008
 3   -135.2010127263  -0.9485749881   0.0648784982   0.3098326522

Superposition in the TM-score: Length(d<5.0)= 19
(":" denotes the residue pairs of distance < 5.0 Angstrom)
YYSITENDLQKG-DLSEGYDA
:::::: ::::: ::::::::
LFYYDK-ILNREADTFEKFQS
123456789012345678901

0,2
ERROR! Undefined option /home/kristine/Desktop/Canonical_structures_generation/CDR1_CD2_loops/TRBV12-2*02_CDR2.pdb
0,3

 *************************************************************************
 *                                 TM-SCORE                              *
 * A scoring function to assess the similarity of protein structures     *
 * Based on statistics:                                                  *
 *       0.0 < TM-score < 0.17, random structural similarity             *
 *       0.5 < TM-score < 1.00, in about the same fold                   *
 * Reference: Yang Zhang and Jeffrey Skolnick, Proteins 2004 57: 702-710 *
 * For comments, please email to: yangzhanglab@umich.edu                 *
 *************************************************************************

Structure1: /home/kristine/Desktop/Canonical_structures_generation/CDR1_CD2_loops/TRBV12-1*02_CDR2.pdb    Length=   20
Structure2: /home/kristine/Desktop/Canonical_structures_generation/CDR1_CD2_loops/TRBV17*01_CDR2.pdb    Length=   20 (by which all scores are normalized)
Number of residues in common=   19
RMSD of  the common residues=    3.322

TM-score    = 0.1708  (d0= 0.50)
MaxSub-score= 0.5886  (d0= 3.50)
GDT-TS-score= 0.6375 %(d<1)=0.3000 %(d<2)=0.5500 %(d<4)=0.7500 %(d<8)=0.9500
GDT-HA-score= 0.4500 %(d<0.5)=0.2000 %(d<1)=0.3000 %(d<2)=0.5500 %(d<4)=0.7500

 -------- rotation matrix to rotate Chain-1 to Chain-2 ------
 i          t(i)         u(i,1)         u(i,2)         u(i,3)
 1      1.8700770949   0.9879498455   0.0967897241  -0.1207760409
 2      1.4674084073  -0.1006038070   0.9945899707  -0.0258778699
 3     -0.0863402070   0.1176179271   0.0377165671   0.9923424226

Superposition in the TM-score: Length(d<5.0)= 15
(":" denotes the residue pairs of distance < 5.0 Angstrom)
IQHYEKVERDKG-FLPSRFSV
::::::    :  ::::::::
LFYYDK-ILNREADTFEKFQS
123456789012345678901

0,4

 *************************************************************************
 *                                 TM-SCORE                              *
 * A scoring function to assess the similarity of protein structures     *
 * Based on statistics:                                                  *
 *       0.0 < TM-score < 0.17, random structural similarity             *
 *       0.5 < TM-score < 1.00, in about the same fold                   *
 * Reference: Yang Zhang and Jeffrey Skolnick, Proteins 2004 57: 702-710 *
 * For comments, please email to: yangzhanglab@umich.edu                 *
 *************************************************************************

Structure1: /home/kristine/Desktop/Canonical_structures_generation/CDR1_CD2_loops/TRBV19*01_CDR2.pdb    Length=   20
Structure2: /home/kristine/Desktop/Canonical_structures_generation/CDR1_CD2_loops/TRBV17*01_CDR2.pdb    Length=   20 (by which all scores are normalized)
Number of residues in common=   19
RMSD of  the common residues=    1.738

TM-score    = 0.3142  (d0= 0.50)
MaxSub-score= 0.7959  (d0= 3.50)
GDT-TS-score= 0.8125 %(d<1)=0.6500 %(d<2)=0.7000 %(d<4)=0.9500 %(d<8)=0.9500
GDT-HA-score= 0.6375 %(d<0.5)=0.2500 %(d<1)=0.6500 %(d<2)=0.7000 %(d<4)=0.9500

 -------- rotation matrix to rotate Chain-1 to Chain-2 ------
 i          t(i)         u(i,1)         u(i,2)         u(i,3)
 1     -0.3553797471   0.9992115316  -0.0358317667   0.0170996964
 2      1.5290976855   0.0364077317   0.9987360389  -0.0346525847
 3     -0.5374177864  -0.0158364197   0.0352478234   0.9992531205

Superposition in the TM-score: Length(d<5.0)= 19
(":" denotes the residue pairs of distance < 5.0 Angstrom)
YYSITENDLQKG-DLSEGYDA
:::::: ::::: ::::::::
LFYYDK-ILNREADTFEKFQS
123456789012345678901

0,5

 *************************************************************************
 *                                 TM-SCORE                              *
 * A scoring function to assess the similarity of protein structures     *
 * Based on statistics:                                                  *
 *       0.0 < TM-score < 0.17, random structural similarity             *
 *       0.5 < TM-score < 1.00, in about the same fold                   *
 * Reference: Yang Zhang and Jeffrey Skolnick, Proteins 2004 57: 702-710 *
 * For comments, please email to: yangzhanglab@umich.edu                 *
 *************************************************************************

Structure1: /home/kristine/Desktop/Canonical_structures_generation/CDR1_CD2_loops/TRBV5*04_CDR2.pdb    Length=   20
Structure2: /home/kristine/Desktop/Canonical_structures_generation/CDR1_CD2_loops/TRBV17*01_CDR2.pdb    Length=   20 (by which all scores are normalized)
Number of residues in common=   19
RMSD of  the common residues=    3.412

TM-score    = 0.1413  (d0= 0.50)
MaxSub-score= 0.5475  (d0= 3.50)
GDT-TS-score= 0.6125 %(d<1)=0.2500 %(d<2)=0.5000 %(d<4)=0.7500 %(d<8)=0.9500
GDT-HA-score= 0.4250 %(d<0.5)=0.2000 %(d<1)=0.2500 %(d<2)=0.5000 %(d<4)=0.7500

 -------- rotation matrix to rotate Chain-1 to Chain-2 ------
 i          t(i)         u(i,1)         u(i,2)         u(i,3)
 1      3.2079847920   0.9589869358   0.1968817983  -0.2039157045
 2     -2.9107773619  -0.1810813308   0.9790009136   0.0936309928
 3      2.0788151074   0.2180678992  -0.0528655718   0.9745007043

Superposition in the TM-score: Length(d<5.0)= 16
(":" denotes the residue pairs of distance < 5.0 Angstrom)
FLYNLKQLIRNE-TVPSRFIP
::::::    :: ::::::::
LFYYDK-ILNREADTFEKFQS
123456789012345678901

0,6

 *************************************************************************
 *                                 TM-SCORE                              *
 * A scoring function to assess the similarity of protein structures     *
 * Based on statistics:                                                  *
 *       0.0 < TM-score < 0.17, random structural similarity             *
 *       0.5 < TM-score < 1.00, in about the same fold                   *
 * Reference: Yang Zhang and Jeffrey Skolnick, Proteins 2004 57: 702-710 *
 * For comments, please email to: yangzhanglab@umich.edu                 *
 *************************************************************************

Structure1: /home/kristine/Desktop/Canonical_structures_generation/CDR1_CD2_loops/TRBV13-3*01_CDR2.pdb    Length=   20
Structure2: /home/kristine/Desktop/Canonical_structures_generation/CDR1_CD2_loops/TRBV17*01_CDR2.pdb    Length=   20 (by which all scores are normalized)
Number of residues in common=   19
RMSD of  the common residues=    1.776

TM-score    = 0.3154  (d0= 0.50)
MaxSub-score= 0.7874  (d0= 3.50)
GDT-TS-score= 0.8125 %(d<1)=0.6500 %(d<2)=0.7000 %(d<4)=0.9500 %(d<8)=0.9500
GDT-HA-score= 0.6500 %(d<0.5)=0.3000 %(d<1)=0.6500 %(d<2)=0.7000 %(d<4)=0.9500

 -------- rotation matrix to rotate Chain-1 to Chain-2 ------
 i          t(i)         u(i,1)         u(i,2)         u(i,3)
 1      0.3475748950   0.9997919721  -0.0142290216  -0.0146132611
 2      1.4673234874   0.0137313838   0.9993407775  -0.0336074324
 3     -0.3806659031   0.0150818286   0.0333997809   0.9993282709

Superposition in the TM-score: Length(d<5.0)= 19
(":" denotes the residue pairs of distance < 5.0 Angstrom)
HYSYVADSTEKG-DIPDGYKA
:::::: ::::: ::::::::
LFYYDK-ILNREADTFEKFQS
123456789012345678901

0,7

 *************************************************************************
 *                                 TM-SCORE                              *
 * A scoring function to assess the similarity of protein structures     *
 * Based on statistics:                                                  *
 *       0.0 < TM-score < 0.17, random structural similarity             *
 *       0.5 < TM-score < 1.00, in about the same fold                   *
 * Reference: Yang Zhang and Jeffrey Skolnick, Proteins 2004 57: 702-710 *
 * For comments, please email to: yangzhanglab@umich.edu                 *
 *************************************************************************

Structure1: /home/kristine/Desktop/Canonical_structures_generation/CDR1_CD2_loops/TRBV13-1*02_CDR2.pdb    Length=   20
Structure2: /home/kristine/Desktop/Canonical_structures_generation/CDR1_CD2_loops/TRBV17*01_CDR2.pdb    Length=   20 (by which all scores are normalized)
Number of residues in common=   19
RMSD of  the common residues=    1.740

TM-score    = 0.3333  (d0= 0.50)
MaxSub-score= 0.7951  (d0= 3.50)
GDT-TS-score= 0.8250 %(d<1)=0.7000 %(d<2)=0.7000 %(d<4)=0.9500 %(d<8)=0.9500
GDT-HA-score= 0.6750 %(d<0.5)=0.3500 %(d<1)=0.7000 %(d<2)=0.7000 %(d<4)=0.9500

 -------- rotation matrix to rotate Chain-1 to Chain-2 ------
 i          t(i)         u(i,1)         u(i,2)         u(i,3)
 1     -1.2141089866   0.9980474114  -0.0452543837   0.0430511948
 2      0.8512063586   0.0456267421   0.9989288370  -0.0077057788
 3     -0.3943984596  -0.0426563597   0.0096550183   0.9990431500

Superposition in the TM-score: Length(d<5.0)= 19
(":" denotes the residue pairs of distance < 5.0 Angstrom)
HYSYGAGNLQIG-DVPDGYKA
:::::: ::::: ::::::::
LFYYDK-ILNREADTFEKFQS
123456789012345678901

0,8

 *************************************************************************
 *                                 TM-SCORE                              *
 * A scoring function to assess the similarity of protein structures     *
 * Based on statistics:                                                  *
 *       0.0 < TM-score < 0.17, random structural similarity             *
 *       0.5 < TM-score < 1.00, in about the same fold                   *
 * Reference: Yang Zhang and Jeffrey Skolnick, Proteins 2004 57: 702-710 *
 * For comments, please email to: yangzhanglab@umich.edu                 *
 *************************************************************************

Structure1: /home/kristine/Desktop/Canonical_structures_generation/CDR1_CD2_loops/TRBV16*02_CDR2.pdb    Length=   21
Structure2: /home/kristine/Desktop/Canonical_structures_generation/CDR1_CD2_loops/TRBV17*01_CDR2.pdb    Length=   20 (by which all scores are normalized)
Number of residues in common=   19
RMSD of  the common residues=    3.019

TM-score    = 0.1452  (d0= 0.50)
MaxSub-score= 0.5796  (d0= 3.50)
GDT-TS-score= 0.6375 %(d<1)=0.2500 %(d<2)=0.5000 %(d<4)=0.8500 %(d<8)=0.9500
GDT-HA-score= 0.4500 %(d<0.5)=0.2000 %(d<1)=0.2500 %(d<2)=0.5000 %(d<4)=0.8500

 -------- rotation matrix to rotate Chain-1 to Chain-2 ------
 i          t(i)         u(i,1)         u(i,2)         u(i,3)
 1     14.9882174492   0.8462034442   0.0444996067  -0.5309986026
 2     -4.0691745618   0.0254396575   0.9919967870   0.1236737579
 3     12.2137963804   0.5322523413  -0.1181615825   0.8382990431

Superposition in the TM-score: Length(d<5.0)= 8
(":" denotes the residue pairs of distance < 5.0 Angstrom)
TYFRNQAPIDDS-GMPKERFSA
::::::       ::       
LFYYDK-ILNREADTFE-KFQS
1234567890123456789012

0,9

 *************************************************************************
 *                                 TM-SCORE                              *
 * A scoring function to assess the similarity of protein structures     *
 * Based on statistics:                                                  *
 *       0.0 < TM-score < 0.17, random structural similarity             *
 *       0.5 < TM-score < 1.00, in about the same fold                   *
 * Reference: Yang Zhang and Jeffrey Skolnick, Proteins 2004 57: 702-710 *
 * For comments, please email to: yangzhanglab@umich.edu                 *
 *************************************************************************

Structure1: /home/kristine/Desktop/Canonical_structures_generation/CDR1_CD2_loops/TRBV24*02_CDR2.pdb    Length=   21
Structure2: /home/kristine/Desktop/Canonical_structures_generation/CDR1_CD2_loops/TRBV17*01_CDR2.pdb    Length=   20 (by which all scores are normalized)
Number of residues in common=   19
RMSD of  the common residues=    3.909

TM-score    = 0.1858  (d0= 0.50)
MaxSub-score= 0.5146  (d0= 3.50)
GDT-TS-score= 0.6125 %(d<1)=0.3000 %(d<2)=0.5000 %(d<4)=0.7000 %(d<8)=0.9500
GDT-HA-score= 0.4375 %(d<0.5)=0.2500 %(d<1)=0.3000 %(d<2)=0.5000 %(d<4)=0.7000

 -------- rotation matrix to rotate Chain-1 to Chain-2 ------
 i          t(i)         u(i,1)         u(i,2)         u(i,3)
 1     14.8902250561   0.8956635129  -0.2296404458  -0.3808571089
 2      2.6669801231   0.2403070367   0.9704901974  -0.0200325969
 3      6.9990685844   0.3742183853  -0.0735801771   0.9244168744

Superposition in the TM-score: Length(d<5.0)= 12
(":" denotes the residue pairs of distance < 5.0 Angstrom)
INFRNEEIMEQT-DLVKKRFSA
::::::       :  : ::::
LFYYDK-ILNREADTFE-KFQS
1234567890123456789012

0,10

 *************************************************************************
 *                                 TM-SCORE                              *
 * A scoring function to assess the similarity of protein structures     *
 * Based on statistics:                                                  *
 *       0.0 < TM-score < 0.17, random structural similarity             *
 *       0.5 < TM-score < 1.00, in about the same fold                   *
 * Reference: Yang Zhang and Jeffrey Skolnick, Proteins 2004 57: 702-710 *
 * For comments, please email to: yangzhanglab@umich.edu                 *
 *************************************************************************

Structure1: /home/kristine/Desktop/Canonical_structures_generation/CDR1_CD2_loops/TRBV20*01_CDR2.pdb    Length=   22
Structure2: /home/kristine/Desktop/Canonical_structures_generation/CDR1_CD2_loops/TRBV17*01_CDR2.pdb    Length=   20 (by which all scores are normalized)
Number of residues in common=   20
RMSD of  the common residues=    3.271

TM-score    = 0.1716  (d0= 0.50)
MaxSub-score= 0.4993  (d0= 3.50)
GDT-TS-score= 0.6625 %(d<1)=0.3000 %(d<2)=0.4500 %(d<4)=0.9000 %(d<8)=1.0000
GDT-HA-score= 0.4750 %(d<0.5)=0.2500 %(d<1)=0.3000 %(d<2)=0.4500 %(d<4)=0.9000

 -------- rotation matrix to rotate Chain-1 to Chain-2 ------
 i          t(i)         u(i,1)         u(i,2)         u(i,3)
 1    -85.2171668526   0.3962279501   0.4466400898   0.8021945162
 2     38.4246881445  -0.0740841806   0.8864090391  -0.4569360453
 3   -143.8873444150  -0.9151584266   0.1216209091   0.3843090016

Superposition in the TM-score: Length(d<5.0)= 17
(":" denotes the residue pairs of distance < 5.0 Angstrom)
ALSTVNSAIKYEQNFTQEKFPI
::::::  : :: :::: ::::
LFYYDK-ILNREADTFE-KFQS
1234567890123456789012

0,11

 *************************************************************************
 *                                 TM-SCORE                              *
 * A scoring function to assess the similarity of protein structures     *
 * Based on statistics:                                                  *
 *       0.0 < TM-score < 0.17, random structural similarity             *
 *       0.5 < TM-score < 1.00, in about the same fold                   *
 * Reference: Yang Zhang and Jeffrey Skolnick, Proteins 2004 57: 702-710 *
 * For comments, please email to: yangzhanglab@umich.edu                 *
 *************************************************************************

Structure1: /home/kristine/Desktop/Canonical_structures_generation/CDR1_CD2_loops/TRBV15*01_CDR2.pdb    Length=   21
Structure2: /home/kristine/Desktop/Canonical_structures_generation/CDR1_CD2_loops/TRBV17*01_CDR2.pdb    Length=   20 (by which all scores are normalized)
Number of residues in common=   19
RMSD of  the common residues=    2.992

TM-score    = 0.1694  (d0= 0.50)
MaxSub-score= 0.5845  (d0= 3.50)
GDT-TS-score= 0.6500 %(d<1)=0.2500 %(d<2)=0.5500 %(d<4)=0.8500 %(d<8)=0.9500
GDT-HA-score= 0.4625 %(d<0.5)=0.2000 %(d<1)=0.2500 %(d<2)=0.5500 %(d<4)=0.8500

 -------- rotation matrix to rotate Chain-1 to Chain-2 ------
 i          t(i)         u(i,1)         u(i,2)         u(i,3)
 1     15.6448111889   0.8300981589   0.0485281608  -0.5555016329
 2     -3.8605697970   0.0220282665   0.9925744037   0.1196277918
 3     12.8616347135   0.5571820187  -0.1115395477   0.8228651939

Superposition in the TM-score: Length(d<5.0)= 8
(":" denotes the residue pairs of distance < 5.0 Angstrom)
SYFRSKSLMEDG-GAFKDRFKA
::::::       ::       
LFYYDK-ILNREADTFE-KFQS
1234567890123456789012

0,12

 *************************************************************************
 *                                 TM-SCORE                              *
 * A scoring function to assess the similarity of protein structures     *
 * Based on statistics:                                                  *
 *       0.0 < TM-score < 0.17, random structural similarity             *
 *       0.5 < TM-score < 1.00, in about the same fold                   *
 * Reference: Yang Zhang and Jeffrey Skolnick, Proteins 2004 57: 702-710 *
 * For comments, please email to: yangzhanglab@umich.edu                 *
 *************************************************************************

Structure1: /home/kristine/Desktop/Canonical_structures_generation/CDR1_CD2_loops/TRBV13-1*01_CDR2.pdb    Length=   20
Structure2: /home/kristine/Desktop/Canonical_structures_generation/CDR1_CD2_loops/TRBV17*01_CDR2.pdb    Length=   20 (by which all scores are normalized)
Number of residues in common=   19
RMSD of  the common residues=    1.749

TM-score    = 0.3286  (d0= 0.50)
MaxSub-score= 0.7891  (d0= 3.50)
GDT-TS-score= 0.8250 %(d<1)=0.7000 %(d<2)=0.7000 %(d<4)=0.9500 %(d<8)=0.9500
GDT-HA-score= 0.6750 %(d<0.5)=0.3500 %(d<1)=0.7000 %(d<2)=0.7000 %(d<4)=0.9500

 -------- rotation matrix to rotate Chain-1 to Chain-2 ------
 i          t(i)         u(i,1)         u(i,2)         u(i,3)
 1     -1.1236424565   0.9981068764  -0.0460500811   0.0407682880
 2      0.8795068852   0.0464276503   0.9988866468  -0.0083630169
 3     -0.3910177229  -0.0403377809   0.0102399605   0.9991336280

Superposition in the TM-score: Length(d<5.0)= 19
(":" denotes the residue pairs of distance < 5.0 Angstrom)
HYSYGAGNLRIG-DVPDGYKA
:::::: ::::: ::::::::
LFYYDK-ILNREADTFEKFQS
123456789012345678901

0,13

 *************************************************************************
 *                                 TM-SCORE                              *
 * A scoring function to assess the similarity of protein structures     *
 * Based on statistics:                                                  *
 *       0.0 < TM-score < 0.17, random structural similarity             *
 *       0.5 < TM-score < 1.00, in about the same fold                   *
 * Reference: Yang Zhang and Jeffrey Skolnick, Proteins 2004 57: 702-710 *
 * For comments, please email to: yangzhanglab@umich.edu                 *
 *************************************************************************

Structure1: /home/kristine/Desktop/Canonical_structures_generation/CDR1_CD2_loops/TRBV29*01_CDR2.pdb    Length=   20
Structure2: /home/kristine/Desktop/Canonical_structures_generation/CDR1_CD2_loops/TRBV17*01_CDR2.pdb    Length=   20 (by which all scores are normalized)
Number of residues in common=   19
RMSD of  the common residues=    1.898

TM-score    = 0.2731  (d0= 0.50)
MaxSub-score= 0.7641  (d0= 3.50)
GDT-TS-score= 0.8250 %(d<1)=0.7000 %(d<2)=0.7000 %(d<4)=0.9500 %(d<8)=0.9500
GDT-HA-score= 0.6500 %(d<0.5)=0.2500 %(d<1)=0.7000 %(d<2)=0.7000 %(d<4)=0.9500

 -------- rotation matrix to rotate Chain-1 to Chain-2 ------
 i          t(i)         u(i,1)         u(i,2)         u(i,3)
 1      2.2002228272   0.9970620157  -0.0344015198  -0.0684388209
 2     -6.1116490896   0.0460126046   0.9833007469   0.1760752150
 3      1.5413032777   0.0612386887  -0.1787069572   0.9819947283

Superposition in the TM-score: Length(d<5.0)= 15
(":" denotes the residue pairs of distance < 5.0 Angstrom)
YISYDVDSNSEG-DIPKGYRV
::::::    :  ::::::::
LFYYDK-ILNREADTFEKFQS
123456789012345678901

0,14

 *************************************************************************
 *                                 TM-SCORE                              *
 * A scoring function to assess the similarity of protein structures     *
 * Based on statistics:                                                  *
 *       0.0 < TM-score < 0.17, random structural similarity             *
 *       0.5 < TM-score < 1.00, in about the same fold                   *
 * Reference: Yang Zhang and Jeffrey Skolnick, Proteins 2004 57: 702-710 *
 * For comments, please email to: yangzhanglab@umich.edu                 *
 *************************************************************************

Structure1: /home/kristine/Desktop/Canonical_structures_generation/CDR1_CD2_loops/TRBV24*03_CDR2.pdb    Length=   21
Structure2: /home/kristine/Desktop/Canonical_structures_generation/CDR1_CD2_loops/TRBV17*01_CDR2.pdb    Length=   20 (by which all scores are normalized)
Number of residues in common=   19
RMSD of  the common residues=    3.909

TM-score    = 0.1858  (d0= 0.50)
MaxSub-score= 0.5146  (d0= 3.50)
GDT-TS-score= 0.6125 %(d<1)=0.3000 %(d<2)=0.5000 %(d<4)=0.7000 %(d<8)=0.9500
GDT-HA-score= 0.4375 %(d<0.5)=0.2500 %(d<1)=0.3000 %(d<2)=0.5000 %(d<4)=0.7000

 -------- rotation matrix to rotate Chain-1 to Chain-2 ------
 i          t(i)         u(i,1)         u(i,2)         u(i,3)
 1     14.8902250561   0.8956635129  -0.2296404458  -0.3808571089
 2      2.6669801231   0.2403070367   0.9704901974  -0.0200325969
 3      6.9990685844   0.3742183853  -0.0735801771   0.9244168744

Superposition in the TM-score: Length(d<5.0)= 12
(":" denotes the residue pairs of distance < 5.0 Angstrom)
INFRNEEIMEQT-DLVKKRFSA
::::::       :  : ::::
LFYYDK-ILNREADTFE-KFQS
1234567890123456789012

0,15

 *************************************************************************
 *                                 TM-SCORE                              *
 * A scoring function to assess the similarity of protein structures     *
 * Based on statistics:                                                  *
 *       0.0 < TM-score < 0.17, random structural similarity             *
 *       0.5 < TM-score < 1.00, in about the same fold                   *
 * Reference: Yang Zhang and Jeffrey Skolnick, Proteins 2004 57: 702-710 *
 * For comments, please email to: yangzhanglab@umich.edu                 *
 *************************************************************************

Structure1: /home/kristine/Desktop/Canonical_structures_generation/CDR1_CD2_loops/TRBV12-1*01_CDR2.pdb    Length=   20
Structure2: /home/kristine/Desktop/Canonical_structures_generation/CDR1_CD2_loops/TRBV17*01_CDR2.pdb    Length=   20 (by which all scores are normalized)
Number of residues in common=   19
RMSD of  the common residues=    3.325

TM-score    = 0.1700  (d0= 0.50)
MaxSub-score= 0.5887  (d0= 3.50)
GDT-TS-score= 0.6375 %(d<1)=0.3000 %(d<2)=0.5500 %(d<4)=0.7500 %(d<8)=0.9500
GDT-HA-score= 0.4500 %(d<0.5)=0.2000 %(d<1)=0.3000 %(d<2)=0.5500 %(d<4)=0.7500

 -------- rotation matrix to rotate Chain-1 to Chain-2 ------
 i          t(i)         u(i,1)         u(i,2)         u(i,3)
 1      2.1437842658   0.9874565454   0.0931264167  -0.1275031036
 2      1.3922418026  -0.0969292302   0.9950033390  -0.0239390814
 3     -0.0292346018   0.1246366530   0.0359975803   0.9915492317

Superposition in the TM-score: Length(d<5.0)= 15
(":" denotes the residue pairs of distance < 5.0 Angstrom)
IQHYEKVERDKG-FLPSRFSV
::::::    :  ::::::::
LFYYDK-ILNREADTFEKFQS
123456789012345678901

0,16

 *************************************************************************
 *                                 TM-SCORE                              *
 * A scoring function to assess the similarity of protein structures     *
 * Based on statistics:                                                  *
 *       0.0 < TM-score < 0.17, random structural similarity             *
 *       0.5 < TM-score < 1.00, in about the same fold                   *
 * Reference: Yang Zhang and Jeffrey Skolnick, Proteins 2004 57: 702-710 *
 * For comments, please email to: yangzhanglab@umich.edu                 *
 *************************************************************************

Structure1: /home/kristine/Desktop/Canonical_structures_generation/CDR1_CD2_loops/TRBV29*02_CDR2.pdb    Length=   20
Structure2: /home/kristine/Desktop/Canonical_structures_generation/CDR1_CD2_loops/TRBV17*01_CDR2.pdb    Length=   20 (by which all scores are normalized)
Number of residues in common=   19
RMSD of  the common residues=    1.901

TM-score    = 0.2719  (d0= 0.50)
MaxSub-score= 0.7662  (d0= 3.50)
GDT-TS-score= 0.8250 %(d<1)=0.7000 %(d<2)=0.7000 %(d<4)=0.9500 %(d<8)=0.9500
GDT-HA-score= 0.6500 %(d<0.5)=0.2500 %(d<1)=0.7000 %(d<2)=0.7000 %(d<4)=0.9500

 -------- rotation matrix to rotate Chain-1 to Chain-2 ------
 i          t(i)         u(i,1)         u(i,2)         u(i,3)
 1     -0.8249764176   0.9999033641   0.0067779222   0.0121376343
 2      0.7957428739  -0.0065865938   0.9998545116  -0.0157344326
 3     -0.4971947329  -0.0122425152   0.0156529664   0.9998025332

Superposition in the TM-score: Length(d<5.0)= 19
(":" denotes the residue pairs of distance < 5.0 Angstrom)
YISYDVDSNSEG-DIPKGYRV
:::::: ::::: ::::::::
LFYYDK-ILNREADTFEKFQS
123456789012345678901

0,17

 *************************************************************************
 *                                 TM-SCORE                              *
 * A scoring function to assess the similarity of protein structures     *
 * Based on statistics:                                                  *
 *       0.0 < TM-score < 0.17, random structural similarity             *
 *       0.5 < TM-score < 1.00, in about the same fold                   *
 * Reference: Yang Zhang and Jeffrey Skolnick, Proteins 2004 57: 702-710 *
 * For comments, please email to: yangzhanglab@umich.edu                 *
 *************************************************************************

Structure1: /home/kristine/Desktop/Canonical_structures_generation/CDR1_CD2_loops/TRBV13-2*04_CDR2.pdb    Length=   20
Structure2: /home/kristine/Desktop/Canonical_structures_generation/CDR1_CD2_loops/TRBV17*01_CDR2.pdb    Length=   20 (by which all scores are normalized)
Number of residues in common=   19
RMSD of  the common residues=    1.841

TM-score    = 0.3257  (d0= 0.50)
MaxSub-score= 0.7765  (d0= 3.50)
GDT-TS-score= 0.8000 %(d<1)=0.6000 %(d<2)=0.7000 %(d<4)=0.9500 %(d<8)=0.9500
GDT-HA-score= 0.6500 %(d<0.5)=0.3500 %(d<1)=0.6000 %(d<2)=0.7000 %(d<4)=0.9500

 -------- rotation matrix to rotate Chain-1 to Chain-2 ------
 i          t(i)         u(i,1)         u(i,2)         u(i,3)
 1     -0.6762101002   0.9990697539  -0.0365832934   0.0228317661
 2      0.3763108218   0.0366302227   0.9993275417  -0.0016404704
 3     -0.4450857994  -0.0227563989   0.0024752770   0.9997379753

Superposition in the TM-score: Length(d<5.0)= 19
(":" denotes the residue pairs of distance < 5.0 Angstrom)
HYSYGAGSTEKG-DIPDGYKA
:::::: ::::: ::::::::
LFYYDK-ILNREADTFEKFQS
123456789012345678901

0,18

 *************************************************************************
 *                                 TM-SCORE                              *
 * A scoring function to assess the similarity of protein structures     *
 * Based on statistics:                                                  *
 *       0.0 < TM-score < 0.17, random structural similarity             *
 *       0.5 < TM-score < 1.00, in about the same fold                   *
 * Reference: Yang Zhang and Jeffrey Skolnick, Proteins 2004 57: 702-710 *
 * For comments, please email to: yangzhanglab@umich.edu                 *
 *************************************************************************

Structure1: /home/kristine/Desktop/Canonical_structures_generation/CDR1_CD2_loops/TRBV5*01_CDR2.pdb    Length=   20
Structure2: /home/kristine/Desktop/Canonical_structures_generation/CDR1_CD2_loops/TRBV17*01_CDR2.pdb    Length=   20 (by which all scores are normalized)
Number of residues in common=   19
RMSD of  the common residues=    3.409

TM-score    = 0.1410  (d0= 0.50)
MaxSub-score= 0.5482  (d0= 3.50)
GDT-TS-score= 0.6125 %(d<1)=0.2500 %(d<2)=0.5000 %(d<4)=0.7500 %(d<8)=0.9500
GDT-HA-score= 0.4250 %(d<0.5)=0.2000 %(d<1)=0.2500 %(d<2)=0.5000 %(d<4)=0.7500

 -------- rotation matrix to rotate Chain-1 to Chain-2 ------
 i          t(i)         u(i,1)         u(i,2)         u(i,3)
 1      2.8787799797   0.9613839114   0.1942098599  -0.1949961674
 2     -2.6614620718  -0.1803125704   0.9797694318   0.0868287826
 3      1.9780072098   0.2079142899  -0.0483155345   0.9769530476

Superposition in the TM-score: Length(d<5.0)= 16
(":" denotes the residue pairs of distance < 5.0 Angstrom)
FLYNLKQLIRNE-TVPSRFIP
::::::    :: ::::::::
LFYYDK-ILNREADTFEKFQS
123456789012345678901

0,19

 *************************************************************************
 *                                 TM-SCORE                              *
 * A scoring function to assess the similarity of protein structures     *
 * Based on statistics:                                                  *
 *       0.0 < TM-score < 0.17, random structural similarity             *
 *       0.5 < TM-score < 1.00, in about the same fold                   *
 * Reference: Yang Zhang and Jeffrey Skolnick, Proteins 2004 57: 702-710 *
 * For comments, please email to: yangzhanglab@umich.edu                 *
 *************************************************************************

Structure1: /home/kristine/Desktop/Canonical_structures_generation/CDR1_CD2_loops/TRBV3*02_CDR2.pdb    Length=   21
Structure2: /home/kristine/Desktop/Canonical_structures_generation/CDR1_CD2_loops/TRBV17*01_CDR2.pdb    Length=   20 (by which all scores are normalized)
Number of residues in common=   19
RMSD of  the common residues=    3.019

TM-score    = 0.1184  (d0= 0.50)
MaxSub-score= 0.5828  (d0= 3.50)
GDT-TS-score= 0.6625 %(d<1)=0.2500 %(d<2)=0.6000 %(d<4)=0.8500 %(d<8)=0.9500
GDT-HA-score= 0.4625 %(d<0.5)=0.1500 %(d<1)=0.2500 %(d<2)=0.6000 %(d<4)=0.8500

 -------- rotation matrix to rotate Chain-1 to Chain-2 ------
 i          t(i)         u(i,1)         u(i,2)         u(i,3)
 1      1.0459167823   0.9965241777   0.0176955959  -0.0814028811
 2     -0.0866723668  -0.0186019679   0.9997729872  -0.0103894601
 3      0.0997393107   0.0812005539   0.0118676020   0.9966271269

Superposition in the TM-score: Length(d<5.0)= 15
(":" denotes the residue pairs of distance < 5.0 Angstrom)
VNFYNVKVMEKS-KLFKDQFSV
::::::    :  :::: ::::
LFYYDK-ILNREADTFE-KFQS
1234567890123456789012

0,20

 *************************************************************************
 *                                 TM-SCORE                              *
 * A scoring function to assess the similarity of protein structures     *
 * Based on statistics:                                                  *
 *       0.0 < TM-score < 0.17, random structural similarity             *
 *       0.5 < TM-score < 1.00, in about the same fold                   *
 * Reference: Yang Zhang and Jeffrey Skolnick, Proteins 2004 57: 702-710 *
 * For comments, please email to: yangzhanglab@umich.edu                 *
 *************************************************************************

Structure1: /home/kristine/Desktop/Canonical_structures_generation/CDR1_CD2_loops/TRBV4*02_CDR2.pdb    Length=   20
Structure2: /home/kristine/Desktop/Canonical_structures_generation/CDR1_CD2_loops/TRBV17*01_CDR2.pdb    Length=   20 (by which all scores are normalized)
Number of residues in common=   19
RMSD of  the common residues=    3.362

TM-score    = 0.1567  (d0= 0.50)
MaxSub-score= 0.5506  (d0= 3.50)
GDT-TS-score= 0.6125 %(d<1)=0.2500 %(d<2)=0.5000 %(d<4)=0.7500 %(d<8)=0.9500
GDT-HA-score= 0.4250 %(d<0.5)=0.2000 %(d<1)=0.2500 %(d<2)=0.5000 %(d<4)=0.7500

 -------- rotation matrix to rotate Chain-1 to Chain-2 ------
 i          t(i)         u(i,1)         u(i,2)         u(i,3)
 1      4.2832934791   0.9440169468   0.2281429179  -0.2382914457
 2     -3.1090213050  -0.2105239128   0.9727350337   0.0972945859
 3      2.1646834789   0.2539915082  -0.0416816904   0.9663078963

Superposition in the TM-score: Length(d<5.0)= 15
(":" denotes the residue pairs of distance < 5.0 Angstrom)
FSYNNKQLIVNE-TVPRRFSP
::::::    :  ::::::::
LFYYDK-ILNREADTFEKFQS
123456789012345678901

0,21

 *************************************************************************
 *                                 TM-SCORE                              *
 * A scoring function to assess the similarity of protein structures     *
 * Based on statistics:                                                  *
 *       0.0 < TM-score < 0.17, random structural similarity             *
 *       0.5 < TM-score < 1.00, in about the same fold                   *
 * Reference: Yang Zhang and Jeffrey Skolnick, Proteins 2004 57: 702-710 *
 * For comments, please email to: yangzhanglab@umich.edu                 *
 *************************************************************************

Structure1: /home/kristine/Desktop/Canonical_structures_generation/CDR1_CD2_loops/TRBV16*01_CDR2.pdb    Length=   21
Structure2: /home/kristine/Desktop/Canonical_structures_generation/CDR1_CD2_loops/TRBV17*01_CDR2.pdb    Length=   20 (by which all scores are normalized)
Number of residues in common=   19
RMSD of  the common residues=    3.012

TM-score    = 0.1468  (d0= 0.50)
MaxSub-score= 0.5806  (d0= 3.50)
GDT-TS-score= 0.6375 %(d<1)=0.2500 %(d<2)=0.5000 %(d<4)=0.8500 %(d<8)=0.9500
GDT-HA-score= 0.4500 %(d<0.5)=0.2000 %(d<1)=0.2500 %(d<2)=0.5000 %(d<4)=0.8500

 -------- rotation matrix to rotate Chain-1 to Chain-2 ------
 i          t(i)         u(i,1)         u(i,2)         u(i,3)
 1     14.9684815795   0.8446883822   0.0484018773  -0.5330654700
 2     -4.0230469144   0.0189163095   0.9925815572   0.1201000650
 3     12.0865751257   0.5349240229  -0.1115307610   0.8375065248

Superposition in the TM-score: Length(d<5.0)= 8
(":" denotes the residue pairs of distance < 5.0 Angstrom)
TYFRNQAPIDDS-GMPKERFSA
::::::       ::       
LFYYDK-ILNREADTFE-KFQS
1234567890123456789012

0,22

 *************************************************************************
 *                                 TM-SCORE                              *
 * A scoring function to assess the similarity of protein structures     *
 * Based on statistics:                                                  *
 *       0.0 < TM-score < 0.17, random structural similarity             *
 *       0.5 < TM-score < 1.00, in about the same fold                   *
 * Reference: Yang Zhang and Jeffrey Skolnick, Proteins 2004 57: 702-710 *
 * For comments, please email to: yangzhanglab@umich.edu                 *
 *************************************************************************

Structure1: /home/kristine/Desktop/Canonical_structures_generation/CDR1_CD2_loops/TRBV5*02_CDR2.pdb    Length=   20
