
 *************************************************************************
 *                                 TM-SCORE                              *
 * A scoring function to assess the similarity of protein structures     *
 * Based on statistics:                                                  *
 *       0.0 < TM-score < 0.17, random structural similarity             *
 *       0.5 < TM-score < 1.00, in about the same fold                   *
 * Reference: Yang Zhang and Jeffrey Skolnick, Proteins 2004 57: 702-710 *
 * For comments, please email to: yangzhanglab@umich.edu                 *
 *************************************************************************

Structure1: /home/kristine/Desktop/Canonical_structures_generation/CDR1_CD2_loops/TRBV3*02_CDR1.pdb    Length=   11
Structure2: /home/kristine/Desktop/Canonical_structures_generation/CDR1_CD2_loops/TRBV3*02_CDR1.pdb    Length=   11 (by which all scores are normalized)
Number of residues in common=   11
RMSD of  the common residues=    0.000

TM-score    = 1.0000  (d0= 0.50)
MaxSub-score= 1.0000  (d0= 3.50)
GDT-TS-score= 1.0000 %(d<1)=1.0000 %(d<2)=1.0000 %(d<4)=1.0000 %(d<8)=1.0000
GDT-HA-score= 1.0000 %(d<0.5)=1.0000 %(d<1)=1.0000 %(d<2)=1.0000 %(d<4)=1.0000

 -------- rotation matrix to rotate Chain-1 to Chain-2 ------
 i          t(i)         u(i,1)         u(i,2)         u(i,3)
 1     -0.0000000000   1.0000000000   0.0000000000   0.0000000000
 2     -0.0000000000  -0.0000000000   1.0000000000   0.0000000000
 3      0.0000000000  -0.0000000000  -0.0000000000   1.0000000000

Superposition in the TM-score: Length(d<5.0)= 11
(":" denotes the residue pairs of distance < 5.0 Angstrom)
CDPVSNHLYFY
:::::::::::
CDPVSNHLYFY
12345678901

0,0

 *************************************************************************
 *                                 TM-SCORE                              *
 * A scoring function to assess the similarity of protein structures     *
 * Based on statistics:                                                  *
 *       0.0 < TM-score < 0.17, random structural similarity             *
 *       0.5 < TM-score < 1.00, in about the same fold                   *
 * Reference: Yang Zhang and Jeffrey Skolnick, Proteins 2004 57: 702-710 *
 * For comments, please email to: yangzhanglab@umich.edu                 *
 *************************************************************************

Structure1: /home/kristine/Desktop/Canonical_structures_generation/CDR1_CD2_loops/TRBV17*01_CDR1.pdb    Length=   11
Structure2: /home/kristine/Desktop/Canonical_structures_generation/CDR1_CD2_loops/TRBV3*02_CDR1.pdb    Length=   11 (by which all scores are normalized)
Number of residues in common=   11
RMSD of  the common residues=    1.667

TM-score    = 0.3746  (d0= 0.50)
MaxSub-score= 0.8524  (d0= 3.50)
GDT-TS-score= 0.8636 %(d<1)=0.6364 %(d<2)=0.8182 %(d<4)=1.0000 %(d<8)=1.0000
GDT-HA-score= 0.7273 %(d<0.5)=0.4545 %(d<1)=0.6364 %(d<2)=0.8182 %(d<4)=1.0000

 -------- rotation matrix to rotate Chain-1 to Chain-2 ------
 i          t(i)         u(i,1)         u(i,2)         u(i,3)
 1     -6.7526192104   0.9732330728   0.0393819842   0.2264209471
 2     -2.0103252609  -0.0592018548   0.9949200285   0.0814203742
 3      0.8717096959  -0.2220642393  -0.0926455410   0.9706205630

Superposition in the TM-score: Length(d<5.0)= 11
(":" denotes the residue pairs of distance < 5.0 Angstrom)
CSQTMNHDTMY
:::::::::::
CDPVSNHLYFY
12345678901

0,1

 *************************************************************************
 *                                 TM-SCORE                              *
 * A scoring function to assess the similarity of protein structures     *
 * Based on statistics:                                                  *
 *       0.0 < TM-score < 0.17, random structural similarity             *
 *       0.5 < TM-score < 1.00, in about the same fold                   *
 * Reference: Yang Zhang and Jeffrey Skolnick, Proteins 2004 57: 702-710 *
 * For comments, please email to: yangzhanglab@umich.edu                 *
 *************************************************************************

Structure1: /home/kristine/Desktop/Canonical_structures_generation/CDR1_CD2_loops/TRBV16*03_CDR1.pdb    Length=   11
Structure2: /home/kristine/Desktop/Canonical_structures_generation/CDR1_CD2_loops/TRBV3*02_CDR1.pdb    Length=   11 (by which all scores are normalized)
Number of residues in common=   11
RMSD of  the common residues=    0.750

TM-score    = 0.3791  (d0= 0.50)
MaxSub-score= 0.9569  (d0= 3.50)
GDT-TS-score= 0.9545 %(d<1)=0.8182 %(d<2)=1.0000 %(d<4)=1.0000 %(d<8)=1.0000
GDT-HA-score= 0.8182 %(d<0.5)=0.4545 %(d<1)=0.8182 %(d<2)=1.0000 %(d<4)=1.0000

 -------- rotation matrix to rotate Chain-1 to Chain-2 ------
 i          t(i)         u(i,1)         u(i,2)         u(i,3)
 1     -4.8417884236   0.9850647641  -0.0034198724   0.1721502689
 2     -0.7879743393  -0.0012649026   0.9996320292   0.0270962400
 3     -0.6002992411  -0.1721795883  -0.0269093046   0.9846979632

Superposition in the TM-score: Length(d<5.0)= 11
(":" denotes the residue pairs of distance < 5.0 Angstrom)
CERISGHSAVF
:::::::::::
CDPVSNHLYFY
12345678901

0,2

 *************************************************************************
 *                                 TM-SCORE                              *
 * A scoring function to assess the similarity of protein structures     *
 * Based on statistics:                                                  *
 *       0.0 < TM-score < 0.17, random structural similarity             *
 *       0.5 < TM-score < 1.00, in about the same fold                   *
 * Reference: Yang Zhang and Jeffrey Skolnick, Proteins 2004 57: 702-710 *
 * For comments, please email to: yangzhanglab@umich.edu                 *
 *************************************************************************

Structure1: /home/kristine/Desktop/Canonical_structures_generation/CDR1_CD2_loops/TRBV4*01_CDR1.pdb    Length=   11
Structure2: /home/kristine/Desktop/Canonical_structures_generation/CDR1_CD2_loops/TRBV3*02_CDR1.pdb    Length=   11 (by which all scores are normalized)
Number of residues in common=   11
RMSD of  the common residues=    0.589

TM-score    = 0.5212  (d0= 0.50)
MaxSub-score= 0.9730  (d0= 3.50)
GDT-TS-score= 1.0000 %(d<1)=1.0000 %(d<2)=1.0000 %(d<4)=1.0000 %(d<8)=1.0000
GDT-HA-score= 0.8636 %(d<0.5)=0.4545 %(d<1)=1.0000 %(d<2)=1.0000 %(d<4)=1.0000

 -------- rotation matrix to rotate Chain-1 to Chain-2 ------
 i          t(i)         u(i,1)         u(i,2)         u(i,3)
 1     -2.8775167517   0.9962028880   0.0674445731   0.0550548403
 2      0.7999554226  -0.0655266391   0.9972037172  -0.0359305706
 3     -0.9762878375  -0.0573242134   0.0321865796   0.9978366393

Superposition in the TM-score: Length(d<5.0)= 11
(":" denotes the residue pairs of distance < 5.0 Angstrom)
CKQTLGHDTMY
:::::::::::
CDPVSNHLYFY
12345678901

0,3

 *************************************************************************
 *                                 TM-SCORE                              *
 * A scoring function to assess the similarity of protein structures     *
 * Based on statistics:                                                  *
 *       0.0 < TM-score < 0.17, random structural similarity             *
 *       0.5 < TM-score < 1.00, in about the same fold                   *
 * Reference: Yang Zhang and Jeffrey Skolnick, Proteins 2004 57: 702-710 *
 * For comments, please email to: yangzhanglab@umich.edu                 *
 *************************************************************************

Structure1: /home/kristine/Desktop/Canonical_structures_generation/CDR1_CD2_loops/TRBV4*02_CDR1.pdb    Length=   11
Structure2: /home/kristine/Desktop/Canonical_structures_generation/CDR1_CD2_loops/TRBV3*02_CDR1.pdb    Length=   11 (by which all scores are normalized)
Number of residues in common=   11
RMSD of  the common residues=    0.306

TM-score    = 0.7921  (d0= 0.50)
MaxSub-score= 0.9925  (d0= 3.50)
GDT-TS-score= 1.0000 %(d<1)=1.0000 %(d<2)=1.0000 %(d<4)=1.0000 %(d<8)=1.0000
GDT-HA-score= 0.9773 %(d<0.5)=0.9091 %(d<1)=1.0000 %(d<2)=1.0000 %(d<4)=1.0000

 -------- rotation matrix to rotate Chain-1 to Chain-2 ------
 i          t(i)         u(i,1)         u(i,2)         u(i,3)
 1     -3.8965974524   0.9911440482   0.1052729280   0.0809387813
 2      0.9217393745  -0.1023625201   0.9939699347  -0.0393151806
 3     -1.0161586189  -0.0845895393   0.0306819096   0.9959433871

Superposition in the TM-score: Length(d<5.0)= 11
(":" denotes the residue pairs of distance < 5.0 Angstrom)
CEQTLDHNTMY
:::::::::::
CDPVSNHLYFY
12345678901

0,4

 *************************************************************************
 *                                 TM-SCORE                              *
 * A scoring function to assess the similarity of protein structures     *
 * Based on statistics:                                                  *
 *       0.0 < TM-score < 0.17, random structural similarity             *
 *       0.5 < TM-score < 1.00, in about the same fold                   *
 * Reference: Yang Zhang and Jeffrey Skolnick, Proteins 2004 57: 702-710 *
 * For comments, please email to: yangzhanglab@umich.edu                 *
 *************************************************************************

Structure1: /home/kristine/Desktop/Canonical_structures_generation/CDR1_CD2_loops/TRBV16*04_CDR1.pdb    Length=   11
Structure2: /home/kristine/Desktop/Canonical_structures_generation/CDR1_CD2_loops/TRBV3*02_CDR1.pdb    Length=   11 (by which all scores are normalized)
Number of residues in common=   11
RMSD of  the common residues=    0.750

TM-score    = 0.4345  (d0= 0.50)
MaxSub-score= 0.9574  (d0= 3.50)
GDT-TS-score= 0.9545 %(d<1)=0.8182 %(d<2)=1.0000 %(d<4)=1.0000 %(d<8)=1.0000
GDT-HA-score= 0.8409 %(d<0.5)=0.5455 %(d<1)=0.8182 %(d<2)=1.0000 %(d<4)=1.0000

 -------- rotation matrix to rotate Chain-1 to Chain-2 ------
 i          t(i)         u(i,1)         u(i,2)         u(i,3)
 1     -2.8978106484   0.9933831154  -0.0239711637   0.1123181612
 2     -1.1607724680   0.0171356048   0.9979640529   0.0614338690
 3      0.2607664265  -0.1135621287  -0.0591027286   0.9917714003

Superposition in the TM-score: Length(d<5.0)= 11
(":" denotes the residue pairs of distance < 5.0 Angstrom)
CEPISGHSAVF
:::::::::::
CDPVSNHLYFY
12345678901

0,5

 *************************************************************************
 *                                 TM-SCORE                              *
 * A scoring function to assess the similarity of protein structures     *
 * Based on statistics:                                                  *
 *       0.0 < TM-score < 0.17, random structural similarity             *
 *       0.5 < TM-score < 1.00, in about the same fold                   *
 * Reference: Yang Zhang and Jeffrey Skolnick, Proteins 2004 57: 702-710 *
 * For comments, please email to: yangzhanglab@umich.edu                 *
 *************************************************************************

Structure1: /home/kristine/Desktop/Canonical_structures_generation/CDR1_CD2_loops/TRBV12-2*01_CDR1.pdb    Length=   11
Structure2: /home/kristine/Desktop/Canonical_structures_generation/CDR1_CD2_loops/TRBV3*02_CDR1.pdb    Length=   11 (by which all scores are normalized)
Number of residues in common=   11
RMSD of  the common residues=    0.911

TM-score    = 0.4702  (d0= 0.50)
MaxSub-score= 0.9385  (d0= 3.50)
GDT-TS-score= 0.9545 %(d<1)=0.8182 %(d<2)=1.0000 %(d<4)=1.0000 %(d<8)=1.0000
GDT-HA-score= 0.8409 %(d<0.5)=0.5455 %(d<1)=0.8182 %(d<2)=1.0000 %(d<4)=1.0000

 -------- rotation matrix to rotate Chain-1 to Chain-2 ------
 i          t(i)         u(i,1)         u(i,2)         u(i,3)
 1    -98.5227641674   0.3428818930   0.3083426772   0.8873312802
 2      2.8766779862  -0.1423118707   0.9507419074  -0.2753854698
 3   -137.2288012440  -0.9285361269  -0.0318530832   0.3698730081

Superposition in the TM-score: Length(d<5.0)= 11
(":" denotes the residue pairs of distance < 5.0 Angstrom)
CIPISGHLSVA
:::::::::::
CDPVSNHLYFY
12345678901

0,6

 *************************************************************************
 *                                 TM-SCORE                              *
 * A scoring function to assess the similarity of protein structures     *
 * Based on statistics:                                                  *
 *       0.0 < TM-score < 0.17, random structural similarity             *
 *       0.5 < TM-score < 1.00, in about the same fold                   *
 * Reference: Yang Zhang and Jeffrey Skolnick, Proteins 2004 57: 702-710 *
 * For comments, please email to: yangzhanglab@umich.edu                 *
 *************************************************************************

Structure1: /home/kristine/Desktop/Canonical_structures_generation/CDR1_CD2_loops/TRBV13-2*04_CDR1.pdb    Length=   11
Structure2: /home/kristine/Desktop/Canonical_structures_generation/CDR1_CD2_loops/TRBV3*02_CDR1.pdb    Length=   11 (by which all scores are normalized)
Number of residues in common=   11
RMSD of  the common residues=    1.485

TM-score    = 0.4548  (d0= 0.50)
MaxSub-score= 0.8795  (d0= 3.50)
GDT-TS-score= 0.8864 %(d<1)=0.7273 %(d<2)=0.8182 %(d<4)=1.0000 %(d<8)=1.0000
GDT-HA-score= 0.7500 %(d<0.5)=0.4545 %(d<1)=0.7273 %(d<2)=0.8182 %(d<4)=1.0000

 -------- rotation matrix to rotate Chain-1 to Chain-2 ------
 i          t(i)         u(i,1)         u(i,2)         u(i,3)
 1     -9.4447068574   0.9468580313   0.0176309364   0.3211682091
 2     -4.7364802584  -0.0802640301   0.9798605921   0.1828412030
 3      3.8141543402  -0.3114764099  -0.1989029163   0.9292040012

Superposition in the TM-score: Length(d<5.0)= 11
(":" denotes the residue pairs of distance < 5.0 Angstrom)
CDQTNNHNNMY
:::::::::::
CDPVSNHLYFY
12345678901

0,7

 *************************************************************************
 *                                 TM-SCORE                              *
 * A scoring function to assess the similarity of protein structures     *
 * Based on statistics:                                                  *
 *       0.0 < TM-score < 0.17, random structural similarity             *
 *       0.5 < TM-score < 1.00, in about the same fold                   *
 * Reference: Yang Zhang and Jeffrey Skolnick, Proteins 2004 57: 702-710 *
 * For comments, please email to: yangzhanglab@umich.edu                 *
 *************************************************************************

Structure1: /home/kristine/Desktop/Canonical_structures_generation/CDR1_CD2_loops/TRBV3*01_CDR1.pdb    Length=   11
Structure2: /home/kristine/Desktop/Canonical_structures_generation/CDR1_CD2_loops/TRBV3*02_CDR1.pdb    Length=   11 (by which all scores are normalized)
Number of residues in common=   11
RMSD of  the common residues=    0.034

TM-score    = 0.9953  (d0= 0.50)
MaxSub-score= 0.9999  (d0= 3.50)
GDT-TS-score= 1.0000 %(d<1)=1.0000 %(d<2)=1.0000 %(d<4)=1.0000 %(d<8)=1.0000
GDT-HA-score= 1.0000 %(d<0.5)=1.0000 %(d<1)=1.0000 %(d<2)=1.0000 %(d<4)=1.0000

 -------- rotation matrix to rotate Chain-1 to Chain-2 ------
 i          t(i)         u(i,1)         u(i,2)         u(i,3)
 1      0.0554491431   0.9999981852  -0.0015922116  -0.0010461290
 2     -0.0362866679   0.0015939449   0.9999973550   0.0016581132
 3      0.0416456430   0.0010434861  -0.0016597777   0.9999980781

Superposition in the TM-score: Length(d<5.0)= 11
(":" denotes the residue pairs of distance < 5.0 Angstrom)
CDPVSNHLYFY
:::::::::::
CDPVSNHLYFY
12345678901

0,8

 *************************************************************************
 *                                 TM-SCORE                              *
 * A scoring function to assess the similarity of protein structures     *
 * Based on statistics:                                                  *
 *       0.0 < TM-score < 0.17, random structural similarity             *
 *       0.5 < TM-score < 1.00, in about the same fold                   *
 * Reference: Yang Zhang and Jeffrey Skolnick, Proteins 2004 57: 702-710 *
 * For comments, please email to: yangzhanglab@umich.edu                 *
 *************************************************************************

Structure1: /home/kristine/Desktop/Canonical_structures_generation/CDR1_CD2_loops/TRBV13-3*01_CDR1.pdb    Length=   11
Structure2: /home/kristine/Desktop/Canonical_structures_generation/CDR1_CD2_loops/TRBV3*02_CDR1.pdb    Length=   11 (by which all scores are normalized)
Number of residues in common=   11
RMSD of  the common residues=    1.640

TM-score    = 0.4536  (d0= 0.50)
MaxSub-score= 0.8387  (d0= 3.50)
GDT-TS-score= 0.8636 %(d<1)=0.6364 %(d<2)=0.8182 %(d<4)=1.0000 %(d<8)=1.0000
GDT-HA-score= 0.7500 %(d<0.5)=0.5455 %(d<1)=0.6364 %(d<2)=0.8182 %(d<4)=1.0000

 -------- rotation matrix to rotate Chain-1 to Chain-2 ------
 i          t(i)         u(i,1)         u(i,2)         u(i,3)
 1     -9.2771588009   0.9591520389   0.0891285152   0.2684836568
 2     -2.6146071883  -0.1163677559   0.9893636097   0.0872822617
 3      1.4963444144  -0.2578486215  -0.1149597999   0.9593218088

Superposition in the TM-score: Length(d<5.0)= 10
(":" denotes the residue pairs of distance < 5.0 Angstrom)
CHQTNNHDYMY
:::: ::::::
CDPVSNHLYFY
12345678901

0,9

 *************************************************************************
 *                                 TM-SCORE                              *
 * A scoring function to assess the similarity of protein structures     *
 * Based on statistics:                                                  *
 *       0.0 < TM-score < 0.17, random structural similarity             *
 *       0.5 < TM-score < 1.00, in about the same fold                   *
 * Reference: Yang Zhang and Jeffrey Skolnick, Proteins 2004 57: 702-710 *
 * For comments, please email to: yangzhanglab@umich.edu                 *
 *************************************************************************

Structure1: /home/kristine/Desktop/Canonical_structures_generation/CDR1_CD2_loops/TRBV21*01_CDR1.pdb    Length=   11
Structure2: /home/kristine/Desktop/Canonical_structures_generation/CDR1_CD2_loops/TRBV3*02_CDR1.pdb    Length=   11 (by which all scores are normalized)
Number of residues in common=   11
RMSD of  the common residues=    0.606

TM-score    = 0.4726  (d0= 0.50)
MaxSub-score= 0.9711  (d0= 3.50)
GDT-TS-score= 1.0000 %(d<1)=1.0000 %(d<2)=1.0000 %(d<4)=1.0000 %(d<8)=1.0000
GDT-HA-score= 0.8864 %(d<0.5)=0.5455 %(d<1)=1.0000 %(d<2)=1.0000 %(d<4)=1.0000

 -------- rotation matrix to rotate Chain-1 to Chain-2 ------
 i          t(i)         u(i,1)         u(i,2)         u(i,3)
 1      1.5642812207   0.9909136253  -0.1316473823   0.0275527475
 2      0.1069386800   0.1302821728   0.9903829669   0.0465632290
 3      0.7261684576  -0.0334176990  -0.0425505062   0.9985352832

Superposition in the TM-score: Length(d<5.0)= 11
(":" denotes the residue pairs of distance < 5.0 Angstrom)
CTPINGHSYVY
:::::::::::
CDPVSNHLYFY
12345678901

0,10

 *************************************************************************
 *                                 TM-SCORE                              *
 * A scoring function to assess the similarity of protein structures     *
 * Based on statistics:                                                  *
 *       0.0 < TM-score < 0.17, random structural similarity             *
 *       0.5 < TM-score < 1.00, in about the same fold                   *
 * Reference: Yang Zhang and Jeffrey Skolnick, Proteins 2004 57: 702-710 *
 * For comments, please email to: yangzhanglab@umich.edu                 *
 *************************************************************************

Structure1: /home/kristine/Desktop/Canonical_structures_generation/CDR1_CD2_loops/TRBV26*01_CDR1.pdb    Length=   11
Structure2: /home/kristine/Desktop/Canonical_structures_generation/CDR1_CD2_loops/TRBV3*02_CDR1.pdb    Length=   11 (by which all scores are normalized)
Number of residues in common=   11
RMSD of  the common residues=    0.631

TM-score    = 0.5121  (d0= 0.50)
MaxSub-score= 0.9699  (d0= 3.50)
GDT-TS-score= 0.9773 %(d<1)=0.9091 %(d<2)=1.0000 %(d<4)=1.0000 %(d<8)=1.0000
GDT-HA-score= 0.8864 %(d<0.5)=0.6364 %(d<1)=0.9091 %(d<2)=1.0000 %(d<4)=1.0000

 -------- rotation matrix to rotate Chain-1 to Chain-2 ------
 i          t(i)         u(i,1)         u(i,2)         u(i,3)
 1     -4.2573049484   0.9882111691  -0.0072181971   0.1529267237
 2     -0.7786760372   0.0013680293   0.9992643737   0.0383254490
 3     -0.0368817871  -0.1530908675  -0.0376644285   0.9874940897

Superposition in the TM-score: Length(d<5.0)= 11
(":" denotes the residue pairs of distance < 5.0 Angstrom)
CIPEKGHPVVF
:::::::::::
CDPVSNHLYFY
12345678901

0,11

 *************************************************************************
 *                                 TM-SCORE                              *
 * A scoring function to assess the similarity of protein structures     *
 * Based on statistics:                                                  *
 *       0.0 < TM-score < 0.17, random structural similarity             *
 *       0.5 < TM-score < 1.00, in about the same fold                   *
 * Reference: Yang Zhang and Jeffrey Skolnick, Proteins 2004 57: 702-710 *
 * For comments, please email to: yangzhanglab@umich.edu                 *
 *************************************************************************

Structure1: /home/kristine/Desktop/Canonical_structures_generation/CDR1_CD2_loops/TRBV13-2*05_CDR1.pdb    Length=   11
Structure2: /home/kristine/Desktop/Canonical_structures_generation/CDR1_CD2_loops/TRBV3*02_CDR1.pdb    Length=   11 (by which all scores are normalized)
Number of residues in common=   11
RMSD of  the common residues=    1.521

TM-score    = 0.4858  (d0= 0.50)
MaxSub-score= 0.8749  (d0= 3.50)
GDT-TS-score= 0.8636 %(d<1)=0.6364 %(d<2)=0.8182 %(d<4)=1.0000 %(d<8)=1.0000
GDT-HA-score= 0.7500 %(d<0.5)=0.5455 %(d<1)=0.6364 %(d<2)=0.8182 %(d<4)=1.0000

 -------- rotation matrix to rotate Chain-1 to Chain-2 ------
 i          t(i)         u(i,1)         u(i,2)         u(i,3)
 1     -8.3045419052   0.9551862960   0.0025883640   0.2959939871
 2     -4.4517593357  -0.0572458455   0.9826988540   0.1761416349
 3      3.4103260727  -0.2904170332  -0.1851925019   0.9388086515

Superposition in the TM-score: Length(d<5.0)= 11
(":" denotes the residue pairs of distance < 5.0 Angstrom)
CDQTNNHNNMY
:::::::::::
CDPVSNHLYFY
12345678901

0,12

 *************************************************************************
 *                                 TM-SCORE                              *
 * A scoring function to assess the similarity of protein structures     *
 * Based on statistics:                                                  *
 *       0.0 < TM-score < 0.17, random structural similarity             *
 *       0.5 < TM-score < 1.00, in about the same fold                   *
 * Reference: Yang Zhang and Jeffrey Skolnick, Proteins 2004 57: 702-710 *
 * For comments, please email to: yangzhanglab@umich.edu                 *
 *************************************************************************

Structure1: /home/kristine/Desktop/Canonical_structures_generation/CDR1_CD2_loops/TRBV5*04_CDR1.pdb    Length=   11
Structure2: /home/kristine/Desktop/Canonical_structures_generation/CDR1_CD2_loops/TRBV3*02_CDR1.pdb    Length=   11 (by which all scores are normalized)
Number of residues in common=   11
RMSD of  the common residues=    1.546

TM-score    = 0.4704  (d0= 0.50)
MaxSub-score= 0.8742  (d0= 3.50)
GDT-TS-score= 0.8636 %(d<1)=0.6364 %(d<2)=0.8182 %(d<4)=1.0000 %(d<8)=1.0000
GDT-HA-score= 0.7500 %(d<0.5)=0.5455 %(d<1)=0.6364 %(d<2)=0.8182 %(d<4)=1.0000

 -------- rotation matrix to rotate Chain-1 to Chain-2 ------
 i          t(i)         u(i,1)         u(i,2)         u(i,3)
 1     -0.2810250111   0.9980510896   0.0584485196  -0.0218584778
 2     -1.4872886068  -0.0571772753   0.9968562022   0.0548495341
 3      1.1494190061   0.0249956333  -0.0534928291   0.9982553459

Superposition in the TM-score: Length(d<5.0)= 11
(":" denotes the residue pairs of distance < 5.0 Angstrom)
CQQHLGHNAMY
:::::::::::
CDPVSNHLYFY
12345678901

0,13

 *************************************************************************
 *                                 TM-SCORE                              *
 * A scoring function to assess the similarity of protein structures     *
 * Based on statistics:                                                  *
 *       0.0 < TM-score < 0.17, random structural similarity             *
 *       0.5 < TM-score < 1.00, in about the same fold                   *
 * Reference: Yang Zhang and Jeffrey Skolnick, Proteins 2004 57: 702-710 *
 * For comments, please email to: yangzhanglab@umich.edu                 *
 *************************************************************************

Structure1: /home/kristine/Desktop/Canonical_structures_generation/CDR1_CD2_loops/TRBV19*01_CDR1.pdb    Length=   11
Structure2: /home/kristine/Desktop/Canonical_structures_generation/CDR1_CD2_loops/TRBV3*02_CDR1.pdb    Length=   11 (by which all scores are normalized)
Number of residues in common=   11
RMSD of  the common residues=    1.498

TM-score    = 0.4858  (d0= 0.50)
MaxSub-score= 0.8806  (d0= 3.50)
GDT-TS-score= 0.8864 %(d<1)=0.7273 %(d<2)=0.8182 %(d<4)=1.0000 %(d<8)=1.0000
GDT-HA-score= 0.7727 %(d<0.5)=0.5455 %(d<1)=0.7273 %(d<2)=0.8182 %(d<4)=1.0000

 -------- rotation matrix to rotate Chain-1 to Chain-2 ------
 i          t(i)         u(i,1)         u(i,2)         u(i,3)
 1     -7.5128087814   0.9697401126   0.0547357961   0.2379245818
 2     -2.2901941817  -0.0754047861   0.9940463051   0.0786515196
 3      1.0230377998  -0.2322029979  -0.0942121857   0.9680939168

Superposition in the TM-score: Length(d<5.0)= 11
(":" denotes the residue pairs of distance < 5.0 Angstrom)
CQQNFNHDTMY
:::::::::::
CDPVSNHLYFY
12345678901

0,14

 *************************************************************************
 *                                 TM-SCORE                              *
 * A scoring function to assess the similarity of protein structures     *
 * Based on statistics:                                                  *
 *       0.0 < TM-score < 0.17, random structural similarity             *
 *       0.5 < TM-score < 1.00, in about the same fold                   *
 * Reference: Yang Zhang and Jeffrey Skolnick, Proteins 2004 57: 702-710 *
 * For comments, please email to: yangzhanglab@umich.edu                 *
 *************************************************************************

Structure1: /home/kristine/Desktop/Canonical_structures_generation/CDR1_CD2_loops/TRBV19*03_CDR1.pdb    Length=   11
Structure2: /home/kristine/Desktop/Canonical_structures_generation/CDR1_CD2_loops/TRBV3*02_CDR1.pdb    Length=   11 (by which all scores are normalized)
Number of residues in common=   11
RMSD of  the common residues=    1.496

TM-score    = 0.4701  (d0= 0.50)
MaxSub-score= 0.8806  (d0= 3.50)
GDT-TS-score= 0.8864 %(d<1)=0.7273 %(d<2)=0.8182 %(d<4)=1.0000 %(d<8)=1.0000
GDT-HA-score= 0.7727 %(d<0.5)=0.5455 %(d<1)=0.7273 %(d<2)=0.8182 %(d<4)=1.0000

 -------- rotation matrix to rotate Chain-1 to Chain-2 ------
 i          t(i)         u(i,1)         u(i,2)         u(i,3)
 1   -139.7330087298   0.0529624686   0.4508557671   0.8910241603
 2     25.3092673791  -0.1611622542   0.8844386614  -0.4379440398
 3   -106.6836932668  -0.9855058116  -0.1204048648   0.1195029866

Superposition in the TM-score: Length(d<5.0)= 11
(":" denotes the residue pairs of distance < 5.0 Angstrom)
CQQNFNHDSMY
:::::::::::
CDPVSNHLYFY
12345678901

0,15

 *************************************************************************
 *                                 TM-SCORE                              *
 * A scoring function to assess the similarity of protein structures     *
 * Based on statistics:                                                  *
 *       0.0 < TM-score < 0.17, random structural similarity             *
 *       0.5 < TM-score < 1.00, in about the same fold                   *
 * Reference: Yang Zhang and Jeffrey Skolnick, Proteins 2004 57: 702-710 *
 * For comments, please email to: yangzhanglab@umich.edu                 *
 *************************************************************************

Structure1: /home/kristine/Desktop/Canonical_structures_generation/CDR1_CD2_loops/TRBV13-2*03_CDR1.pdb    Length=   11
Structure2: /home/kristine/Desktop/Canonical_structures_generation/CDR1_CD2_loops/TRBV3*02_CDR1.pdb    Length=   11 (by which all scores are normalized)
Number of residues in common=   11
RMSD of  the common residues=    1.486

TM-score    = 0.4604  (d0= 0.50)
MaxSub-score= 0.8799  (d0= 3.50)
GDT-TS-score= 0.8864 %(d<1)=0.7273 %(d<2)=0.8182 %(d<4)=1.0000 %(d<8)=1.0000
GDT-HA-score= 0.7500 %(d<0.5)=0.4545 %(d<1)=0.7273 %(d<2)=0.8182 %(d<4)=1.0000

 -------- rotation matrix to rotate Chain-1 to Chain-2 ------
 i          t(i)         u(i,1)         u(i,2)         u(i,3)
 1     -9.3427346854   0.9488869460   0.0220613126   0.3148441873
 2     -4.7430450132  -0.0829640472   0.9799078549   0.1813768530
 3      3.7922064403  -0.3045168807  -0.1982268762   0.9316520675

Superposition in the TM-score: Length(d<5.0)= 11
(":" denotes the residue pairs of distance < 5.0 Angstrom)
CNQTNNHNNMY
:::::::::::
CDPVSNHLYFY
12345678901

0,16

 *************************************************************************
 *                                 TM-SCORE                              *
 * A scoring function to assess the similarity of protein structures     *
 * Based on statistics:                                                  *
 *       0.0 < TM-score < 0.17, random structural similarity             *
 *       0.5 < TM-score < 1.00, in about the same fold                   *
 * Reference: Yang Zhang and Jeffrey Skolnick, Proteins 2004 57: 702-710 *
 * For comments, please email to: yangzhanglab@umich.edu                 *
 *************************************************************************

Structure1: /home/kristine/Desktop/Canonical_structures_generation/CDR1_CD2_loops/TRBV29*02_CDR1.pdb    Length=   11
Structure2: /home/kristine/Desktop/Canonical_structures_generation/CDR1_CD2_loops/TRBV3*02_CDR1.pdb    Length=   11 (by which all scores are normalized)
Number of residues in common=   11
RMSD of  the common residues=    1.571

TM-score    = 0.5236  (d0= 0.50)
MaxSub-score= 0.8689  (d0= 3.50)
GDT-TS-score= 0.8636 %(d<1)=0.6364 %(d<2)=0.8182 %(d<4)=1.0000 %(d<8)=1.0000
GDT-HA-score= 0.7500 %(d<0.5)=0.5455 %(d<1)=0.6364 %(d<2)=0.8182 %(d<4)=1.0000

 -------- rotation matrix to rotate Chain-1 to Chain-2 ------
 i          t(i)         u(i,1)         u(i,2)         u(i,3)
 1     -7.7497733084   0.9689010150   0.0507867810   0.2421807714
 2     -1.5270736728  -0.0658488451   0.9963398564   0.0545052305
 3      0.3459856502  -0.2385262098  -0.0687574973   0.9686989490

Superposition in the TM-score: Length(d<5.0)= 11
(":" denotes the residue pairs of distance < 5.0 Angstrom)
CGQDMSHETMY
:::::::::::
CDPVSNHLYFY
12345678901

0,17

 *************************************************************************
 *                                 TM-SCORE                              *
 * A scoring function to assess the similarity of protein structures     *
 * Based on statistics:                                                  *
 *       0.0 < TM-score < 0.17, random structural similarity             *
 *       0.5 < TM-score < 1.00, in about the same fold                   *
 * Reference: Yang Zhang and Jeffrey Skolnick, Proteins 2004 57: 702-710 *
 * For comments, please email to: yangzhanglab@umich.edu                 *
 *************************************************************************

Structure1: /home/kristine/Desktop/Canonical_structures_generation/CDR1_CD2_loops/TRBV5*05_CDR1.pdb    Length=   11
Structure2: /home/kristine/Desktop/Canonical_structures_generation/CDR1_CD2_loops/TRBV3*02_CDR1.pdb    Length=   11 (by which all scores are normalized)
Number of residues in common=   11
RMSD of  the common residues=    1.534

TM-score    = 0.4805  (d0= 0.50)
MaxSub-score= 0.8765  (d0= 3.50)
GDT-TS-score= 0.8636 %(d<1)=0.6364 %(d<2)=0.8182 %(d<4)=1.0000 %(d<8)=1.0000
GDT-HA-score= 0.7273 %(d<0.5)=0.4545 %(d<1)=0.6364 %(d<2)=0.8182 %(d<4)=1.0000

 -------- rotation matrix to rotate Chain-1 to Chain-2 ------
 i          t(i)         u(i,1)         u(i,2)         u(i,3)
 1     -0.3091272659   0.9991239350   0.0409046129  -0.0088416748
 2     -0.9438374091  -0.0405445953   0.9984681773   0.0376488334
 3      0.7987545180   0.0103681419  -0.0372573684   0.9992519153

Superposition in the TM-score: Length(d<5.0)= 11
(":" denotes the residue pairs of distance < 5.0 Angstrom)
CEQHLGHNAMY
:::::::::::
CDPVSNHLYFY
12345678901

0,18

 *************************************************************************
 *                                 TM-SCORE                              *
 * A scoring function to assess the similarity of protein structures     *
 * Based on statistics:                                                  *
 *       0.0 < TM-score < 0.17, random structural similarity             *
 *       0.5 < TM-score < 1.00, in about the same fold                   *
 * Reference: Yang Zhang and Jeffrey Skolnick, Proteins 2004 57: 702-710 *
 * For comments, please email to: yangzhanglab@umich.edu                 *
 *************************************************************************

Structure1: /home/kristine/Desktop/Canonical_structures_generation/CDR1_CD2_loops/TRBV13-2*01_CDR1.pdb    Length=   11
Structure2: /home/kristine/Desktop/Canonical_structures_generation/CDR1_CD2_loops/TRBV3*02_CDR1.pdb    Length=   11 (by which all scores are normalized)
Number of residues in common=   11
RMSD of  the common residues=    1.486

TM-score    = 0.4629  (d0= 0.50)
MaxSub-score= 0.8800  (d0= 3.50)
GDT-TS-score= 0.8864 %(d<1)=0.7273 %(d<2)=0.8182 %(d<4)=1.0000 %(d<8)=1.0000
GDT-HA-score= 0.7500 %(d<0.5)=0.4545 %(d<1)=0.7273 %(d<2)=0.8182 %(d<4)=1.0000

 -------- rotation matrix to rotate Chain-1 to Chain-2 ------
 i          t(i)         u(i,1)         u(i,2)         u(i,3)
 1     -9.1533612376   0.9504946888   0.0199827294   0.3100976252
 2     -4.8037722857  -0.0804786615   0.9797111727   0.1835461882
 3      3.8109992086  -0.3001383542  -0.1994159189   0.9328184495

Superposition in the TM-score: Length(d<5.0)= 11
(":" denotes the residue pairs of distance < 5.0 Angstrom)
CNQTNNHNNMY
:::::::::::
CDPVSNHLYFY
12345678901

0,19

 *************************************************************************
 *                                 TM-SCORE                              *
 * A scoring function to assess the similarity of protein structures     *
 * Based on statistics:                                                  *
 *       0.0 < TM-score < 0.17, random structural similarity             *
 *       0.5 < TM-score < 1.00, in about the same fold                   *
 * Reference: Yang Zhang and Jeffrey Skolnick, Proteins 2004 57: 702-710 *
 * For comments, please email to: yangzhanglab@umich.edu                 *
 *************************************************************************

Structure1: /home/kristine/Desktop/Canonical_structures_generation/CDR1_CD2_loops/TRBV13-2*02_CDR1.pdb    Length=   11
Structure2: /home/kristine/Desktop/Canonical_structures_generation/CDR1_CD2_loops/TRBV3*02_CDR1.pdb    Length=   11 (by which all scores are normalized)
Number of residues in common=   11
RMSD of  the common residues=    1.486

TM-score    = 0.4629  (d0= 0.50)
MaxSub-score= 0.8800  (d0= 3.50)
GDT-TS-score= 0.8864 %(d<1)=0.7273 %(d<2)=0.8182 %(d<4)=1.0000 %(d<8)=1.0000
GDT-HA-score= 0.7500 %(d<0.5)=0.4545 %(d<1)=0.7273 %(d<2)=0.8182 %(d<4)=1.0000

 -------- rotation matrix to rotate Chain-1 to Chain-2 ------
 i          t(i)         u(i,1)         u(i,2)         u(i,3)
 1     -9.1533612376   0.9504946888   0.0199827294   0.3100976252
 2     -4.8037722857  -0.0804786615   0.9797111727   0.1835461882
 3      3.8109992086  -0.3001383542  -0.1994159189   0.9328184495

Superposition in the TM-score: Length(d<5.0)= 11
(":" denotes the residue pairs of distance < 5.0 Angstrom)
CNQTNNHNNMY
:::::::::::
CDPVSNHLYFY
12345678901

0,20

 *************************************************************************
 *                                 TM-SCORE                              *
 * A scoring function to assess the similarity of protein structures     *
 * Based on statistics:                                                  *
 *       0.0 < TM-score < 0.17, random structural similarity             *
 *       0.5 < TM-score < 1.00, in about the same fold                   *
 * Reference: Yang Zhang and Jeffrey Skolnick, Proteins 2004 57: 702-710 *
 * For comments, please email to: yangzhanglab@umich.edu                 *
 *************************************************************************

Structure1: /home/kristine/Desktop/Canonical_structures_generation/CDR1_CD2_loops/TRBV24*03_CDR1.pdb    Length=   11
Structure2: /home/kristine/Desktop/Canonical_structures_generation/CDR1_CD2_loops/TRBV3*02_CDR1.pdb    Length=   11 (by which all scores are normalized)
Number of residues in common=   11
RMSD of  the common residues=    0.538

TM-score    = 0.5512  (d0= 0.50)
MaxSub-score= 0.9773  (d0= 3.50)
GDT-TS-score= 1.0000 %(d<1)=1.0000 %(d<2)=1.0000 %(d<4)=1.0000 %(d<8)=1.0000
GDT-HA-score= 0.8864 %(d<0.5)=0.5455 %(d<1)=1.0000 %(d<2)=1.0000 %(d<4)=1.0000

 -------- rotation matrix to rotate Chain-1 to Chain-2 ------
 i          t(i)         u(i,1)         u(i,2)         u(i,3)
 1     -4.1931383554   0.9881895997  -0.0008523680   0.1532337707
 2     -0.7915458949  -0.0051669815   0.9992305430   0.0388796117
 3      0.0211515967  -0.1531490036  -0.0392121840   0.9874248262

Superposition in the TM-score: Length(d<5.0)= 11
(":" denotes the residue pairs of distance < 5.0 Angstrom)
CSPEKGHTAFY
:::::::::::
CDPVSNHLYFY
12345678901

0,21

 *************************************************************************
 *                                 TM-SCORE                              *
 * A scoring function to assess the similarity of protein structures     *
 * Based on statistics:                                                  *
 *       0.0 < TM-score < 0.17, random structural similarity             *
 *       0.5 < TM-score < 1.00, in about the same fold                   *
 * Reference: Yang Zhang and Jeffrey Skolnick, Proteins 2004 57: 702-710 *
 * For comments, please email to: yangzhanglab@umich.edu                 *
 *************************************************************************

Structure1: /home/kristine/Desktop/Canonical_structures_generation/CDR1_CD2_loops/TRBV16*02_CDR1.pdb    Length=   11
Structure2: /home/kristine/Desktop/Canonical_structures_generation/CDR1_CD2_loops/TRBV3*02_CDR1.pdb    Length=   11 (by which all scores are normalized)
Number of residues in common=   11
RMSD of  the common residues=    0.748

TM-score    = 0.4319  (d0= 0.50)
MaxSub-score= 0.9576  (d0= 3.50)
GDT-TS-score= 0.9545 %(d<1)=0.8182 %(d<2)=1.0000 %(d<4)=1.0000 %(d<8)=1.0000
GDT-HA-score= 0.8409 %(d<0.5)=0.5455 %(d<1)=0.8182 %(d<2)=1.0000 %(d<4)=1.0000

 -------- rotation matrix to rotate Chain-1 to Chain-2 ------
 i          t(i)         u(i,1)         u(i,2)         u(i,3)
 1     -2.4354558224   0.9933800056  -0.0368158148   0.1088152579
 2     -1.1097168333   0.0299077259   0.9974727336   0.0644489998
 3      0.3244012974  -0.1109129952  -0.0607679309   0.9919705470

Superposition in the TM-score: Length(d<5.0)= 11
(":" denotes the residue pairs of distance < 5.0 Angstrom)
CEPISGHSAVF
:::::::::::
CDPVSNHLYFY
12345678901

0,22
ERROR! Undefined option /home/kristine/Desktop/Canonical_structures_generation/CDR1_CD2_loops/TRBV12-2*01_CDR1.pdb
0,23

 *************************************************************************
