,TRBV07-2_04,TRBV20-1_06,TRBV07-9_02,TRBV05-6_01,TRBV24-1_01,TRBV29_OR9-2_01,TRBV12-4_02,TRBV07-6_02,TRBV20-1_03,TRBV04-1_02,TRBV19_01,TRBV10-3_01,TRBV06-6_04,TRBV06-8_01,TRBV07-3_02,TRBV12-3_01,TRBV07-9_01,TRBV17_01,TRBV14_01,TRBV20-1_01,TRBV29-1_01,TRBV04-3_02,TRBV05-4_01,TRBV05-1_01,TRBV30_05,TRBV29-1_02,TRBV25-1_01,TRBV11-2_01,TRBV05-4_03,TRBV05-1_02,TRBV05-5_02,TRBV06-7_01,TRBV07-7_01,TRBV04-3_01,TRBV05-3_02,TRBV20-1_05,TRBV13_01,TRBV02_01,TRBV21_OR9-2_01,TRBV02_02,TRBV30_04,TRBV30_02,TRBV07-3_05,TRBV20_OR9-2_02,TRBV06-2_01,TRBV07-2_03,TRBV06-6_01,TRBV11-3_04,TRBV06-4_02,TRBV10-2_02,TRBV19_02,TRBV07-9_04,TRBV11-2_02,TRBV18_01,TRBV20_OR9-2_01,TRBV15_01,TRBV11-3_02,TRBV07-9_07,TRBV05-5_03,TRBV10-2_01,TRBV03-1_02,TRBV11-2_03,TRBV09_01,TRBV07-7_02,TRBV12-4_01,TRBV06-1_01,TRBV06-3_01,TRBV29-1_03,TRBV04-1_01,TRBV06-5_01,TRBV10-1_01,TRBV06-4_01,TRBV09_03,TRBV07-8_01,TRBV28_01,TRBV07-3_04,TRBV07-9_03,TRBV07-3_03,TRBV24_OR9-2_01,TRBV16_01,TRBV10-1_02,TRBV07-3_01,TRBV07-2_01,TRBV02_03,TRBV17_02,TRBV07-9_06,TRBV15_02,TRBV19_03,TRBV05-3_01,TRBV20-1_02,TRBV05-5_01,TRBV11-1_01,TRBV27_01,TRBV14_02,TRBV20-1_04,TRBV30_01,TRBV06-6_02,TRBV29_OR9-2_02,TRBV06-6_03,TRBV05-7_01,TRBV07-6_01,TRBV12-5_01,TRBV13_02,TRBV04-3_03,TRBV07-2_02,TRBV23-1_01,TRBV20_OR9-2_03,TRBV04-2_02,TRBV07-4_01,TRBV06-9_01,TRBV05-4_02,TRBV05-8_02,TRBV07-9_05,TRBV20-1_07,TRBV06-6_05,TRBV11-3_01,TRBV24-1_02,TRBV05-8_01,TRBV04-2_01,TRBV04-3_04,TRBV10-3_02,TRBV11-3_03,TRBV07-8_02,TRBV15_03,TRBV09_02,TRBV03-1_01,TRBV05-4_04,TRBV07-1_01,TRBV07-8_03,TRBV16_03
TRBV07-2_04,0.0,0.726027397260274,0.1232876712328767,0.8184931506849316,0.6164383561643836,0.726027397260274,0.17123287671232876,0.0,0.726027397260274,0.226027397260274,0.6198630136986302,0.6164383561643836,0.6061643835616438,0.6164383561643836,0.1678082191780822,0.17123287671232876,0.1232876712328767,0.0,0.17123287671232876,0.726027397260274,0.726027397260274,0.226027397260274,0.2534246575342466,0.1815068493150685,0.6164383561643836,0.726027397260274,0.613013698630137,0.17465753424657535,0.2534246575342466,0.1815068493150685,0.2534246575342466,0.6198630136986302,0.0,0.226027397260274,0.21575342465753425,0.726027397260274,0.19178082191780824,0.2705479452054795,0.14383561643835616,0.2705479452054795,0.6164383561643836,0.6164383561643836,0.1678082191780822,0.726027397260274,0.6369863013698631,0.0,0.6061643835616438,0.17465753424657535,0.5856164383561644,0.6164383561643836,0.6198630136986302,0.1232876712328767,0.17465753424657535,0.0,0.726027397260274,0.6438356164383562,0.17465753424657535,0.1232876712328767,0.2534246575342466,0.6164383561643836,0.226027397260274,0.0821917808219178,0.2123287671232877,0.0,0.17123287671232876,0.5958904109589042,0.6369863013698631,0.726027397260274,0.226027397260274,0.6198630136986302,0.6164383561643836,0.5856164383561644,0.2123287671232877,0.1267123287671233,0.5924657534246576,0.1678082191780822,0.1232876712328767,0.1678082191780822,0.6164383561643836,0.14383561643835616,0.6164383561643836,0.1678082191780822,0.0,0.2705479452054795,0.0,0.1232876712328767,0.2534246575342466,0.6198630136986302,0.21575342465753425,0.726027397260274,0.2534246575342466,0.17465753424657535,0.5958904109589042,0.17123287671232876,0.726027397260274,0.6164383561643836,0.6061643835616438,0.726027397260274,0.6061643835616438,0.2534246575342466,0.0,0.17123287671232876,0.19178082191780824,0.226027397260274,0.0,0.14383561643835616,0.726027397260274,0.226027397260274,0.0,0.6198630136986302,0.2534246575342466,0.2054794520547945,0.1232876712328767,0.726027397260274,0.6061643835616438,0.17465753424657535,0.6164383561643836,0.2054794520547945,0.226027397260274,0.226027397260274,0.6164383561643836,0.17465753424657535,0.1267123287671233,0.2534246575342466,0.18493150684931509,0.226027397260274,0.2534246575342466,0.0,1.0,1.0
TRBV20-1_06,0.726027397260274,0.0,0.6472602739726028,1.0,0.6232876712328768,0.0,0.7397260273972603,0.5376712328767124,0.0,0.684931506849315,0.6198630136986302,0.6232876712328768,0.5993150684931507,0.6027397260273972,0.6506849315068493,0.7397260273972603,0.6472602739726028,0.726027397260274,0.6438356164383562,0.0,0.0,0.684931506849315,0.6917808219178082,0.6986301369863014,0.6027397260273972,0.0,0.565068493150685,0.6541095890410958,0.6917808219178082,0.6986301369863014,0.6917808219178082,0.5924657534246576,0.726027397260274,0.684931506849315,0.7431506849315068,0.0,0.678082191780822,0.5308219178082192,0.6575342465753424,0.5308219178082192,0.6027397260273972,0.6027397260273972,0.6506849315068493,0.0,0.5787671232876712,0.726027397260274,0.5993150684931507,0.6541095890410958,0.6027397260273972,0.6232876712328768,0.6198630136986302,0.6472602739726028,0.6541095890410958,0.726027397260274,0.0,0.613013698630137,0.6541095890410958,0.6472602739726028,0.6917808219178082,0.6232876712328768,0.684931506849315,0.5034246575342466,0.6438356164383562,0.726027397260274,0.7397260273972603,0.6061643835616438,0.5787671232876712,0.0,0.684931506849315,0.5924657534246576,0.6232876712328768,0.6027397260273972,0.6438356164383562,0.6541095890410958,0.6232876712328768,0.6506849315068493,0.6472602739726028,0.6506849315068493,0.6232876712328768,0.6575342465753424,0.6232876712328768,0.6506849315068493,0.726027397260274,0.5308219178082192,0.726027397260274,0.6472602739726028,0.6917808219178082,0.6198630136986302,0.7431506849315068,0.0,0.6917808219178082,0.6541095890410958,0.6267123287671234,0.6438356164383562,0.0,0.6027397260273972,0.5993150684931507,0.0,0.5993150684931507,0.6917808219178082,0.5376712328767124,0.7397260273972603,0.678082191780822,0.684931506849315,0.726027397260274,0.6575342465753424,0.0,0.684931506849315,0.726027397260274,0.5924657534246576,0.6917808219178082,0.6712328767123288,0.6472602739726028,0.0,0.5993150684931507,0.6541095890410958,0.6232876712328768,0.6712328767123288,0.684931506849315,0.684931506849315,0.6232876712328768,0.6541095890410958,0.6541095890410958,0.6917808219178082,0.6438356164383562,0.684931506849315,0.6917808219178082,0.726027397260274,1.0,1.0
TRBV07-9_02,0.1232876712328767,0.6472602739726028,0.0,0.8458904109589042,0.6061643835616438,0.6472602739726028,0.16095890410958905,0.10958904109589042,0.6472602739726028,0.2054794520547945,0.6095890410958904,0.6061643835616438,0.5924657534246576,0.6061643835616438,0.1232876712328767,0.16095890410958905,0.0,0.1232876712328767,0.13013698630136986,0.6472602739726028,0.6472602739726028,0.2054794520547945,0.2534246575342466,0.18493150684931509,0.6061643835616438,0.6472602739726028,0.5958904109589042,0.14726027397260275,0.2534246575342466,0.18493150684931509,0.2534246575342466,0.6061643835616438,0.1232876712328767,0.2054794520547945,0.23972602739726026,0.6472602739726028,0.17123287671232876,0.2979452054794521,0.113013698630137,0.2979452054794521,0.6061643835616438,0.6061643835616438,0.1232876712328767,0.6472602739726028,0.613013698630137,0.1232876712328767,0.5924657534246576,0.14726027397260275,0.5753424657534246,0.6061643835616438,0.6095890410958904,0.0,0.14726027397260275,0.1232876712328767,0.6472602739726028,0.6267123287671234,0.14726027397260275,0.0,0.2534246575342466,0.6061643835616438,0.2054794520547945,0.09931506849315068,0.18835616438356168,0.1232876712328767,0.16095890410958905,0.5856164383561644,0.613013698630137,0.6472602739726028,0.2054794520547945,0.6061643835616438,0.6061643835616438,0.5753424657534246,0.18835616438356168,0.05479452054794521,0.5924657534246576,0.1232876712328767,0.0,0.1232876712328767,0.6061643835616438,0.113013698630137,0.6061643835616438,0.1232876712328767,0.1232876712328767,0.2979452054794521,0.1232876712328767,0.0,0.2534246575342466,0.6095890410958904,0.23972602739726026,0.6472602739726028,0.2534246575342466,0.14726027397260275,0.589041095890411,0.13013698630136986,0.6472602739726028,0.6061643835616438,0.5924657534246576,0.6472602739726028,0.5924657534246576,0.2534246575342466,0.10958904109589042,0.16095890410958905,0.17123287671232876,0.2054794520547945,0.1232876712328767,0.113013698630137,0.6472602739726028,0.2054794520547945,0.1232876712328767,0.6061643835616438,0.2534246575342466,0.20205479452054795,0.0,0.6472602739726028,0.5924657534246576,0.14726027397260275,0.6061643835616438,0.20205479452054795,0.2054794520547945,0.2054794520547945,0.6061643835616438,0.14726027397260275,0.05479452054794521,0.2534246575342466,0.15753424657534248,0.2054794520547945,0.2534246575342466,0.1232876712328767,1.0,1.0
TRBV05-6_01,0.8184931506849316,1.0,0.8458904109589042,0.0,0.9143835616438356,1.0,0.8424657534246576,0.8184931506849316,1.0,0.8767123287671234,0.928082191780822,0.9143835616438356,0.9315068493150686,0.9075342465753424,0.8561643835616438,0.8424657534246576,0.8458904109589042,0.8184931506849316,0.8356164383561644,1.0,1.0,0.8767123287671234,0.9075342465753424,0.8595890410958904,0.9075342465753424,1.0,0.904109589041096,0.8356164383561644,0.9075342465753424,0.8595890410958904,0.9075342465753424,0.9452054794520548,0.8184931506849316,0.8767123287671234,0.8972602739726028,1.0,0.8595890410958904,0.9075342465753424,0.8527397260273973,0.9075342465753424,0.9075342465753424,0.9075342465753424,0.8561643835616438,1.0,0.9691780821917809,0.8184931506849316,0.9315068493150686,0.8356164383561644,0.928082191780822,0.9143835616438356,0.928082191780822,0.8458904109589042,0.8356164383561644,0.8184931506849316,1.0,0.9486301369863014,0.8356164383561644,0.8458904109589042,0.9075342465753424,0.9143835616438356,0.8767123287671234,0.8356164383561644,0.8527397260273973,0.8184931506849316,0.8424657534246576,0.9417808219178082,0.9691780821917809,1.0,0.8767123287671234,0.9452054794520548,0.9143835616438356,0.928082191780822,0.8527397260273973,0.8356164383561644,0.8938356164383562,0.8561643835616438,0.8458904109589042,0.8561643835616438,0.9143835616438356,0.8527397260273973,0.9143835616438356,0.8561643835616438,0.8184931506849316,0.9075342465753424,0.8184931506849316,0.8458904109589042,0.9075342465753424,0.928082191780822,0.8972602739726028,1.0,0.9075342465753424,0.8356164383561644,0.9315068493150686,0.8356164383561644,1.0,0.9075342465753424,0.9315068493150686,1.0,0.9315068493150686,0.9075342465753424,0.8184931506849316,0.8424657534246576,0.8595890410958904,0.8767123287671234,0.8184931506849316,0.8527397260273973,1.0,0.8767123287671234,0.8184931506849316,0.9452054794520548,0.9075342465753424,0.863013698630137,0.8458904109589042,1.0,0.9315068493150686,0.8356164383561644,0.9143835616438356,0.863013698630137,0.8767123287671234,0.8767123287671234,0.9143835616438356,0.8356164383561644,0.8356164383561644,0.9075342465753424,0.8664383561643835,0.8767123287671234,0.9075342465753424,0.8184931506849316,1.0,1.0
TRBV24-1_01,0.6164383561643836,0.6232876712328768,0.6061643835616438,0.9143835616438356,0.0,0.6232876712328768,0.6438356164383562,0.5308219178082192,0.6232876712328768,0.6267123287671234,0.1643835616438356,0.0,0.09246575342465754,0.10273972602739725,0.5958904109589042,0.6438356164383562,0.6061643835616438,0.6164383561643836,0.5924657534246576,0.6232876712328768,0.6232876712328768,0.6267123287671234,0.6472602739726028,0.6438356164383562,0.10273972602739725,0.6232876712328768,0.18493150684931509,0.589041095890411,0.6472602739726028,0.6438356164383562,0.6472602739726028,0.11643835616438357,0.6164383561643836,0.6267123287671234,0.6506849315068493,0.6232876712328768,0.6438356164383562,0.613013698630137,0.6027397260273972,0.613013698630137,0.10273972602739725,0.10273972602739725,0.5958904109589042,0.6232876712328768,0.17465753424657535,0.6164383561643836,0.09246575342465754,0.589041095890411,0.13698630136986303,0.0,0.1643835616438356,0.6061643835616438,0.589041095890411,0.6164383561643836,0.6232876712328768,0.07534246575342465,0.589041095890411,0.6061643835616438,0.6472602739726028,0.0,0.6267123287671234,0.5342465753424658,0.5993150684931507,0.6164383561643836,0.6438356164383562,0.09931506849315068,0.17465753424657535,0.6232876712328768,0.6267123287671234,0.11643835616438357,0.0,0.13698630136986303,0.5993150684931507,0.613013698630137,0.13356164383561644,0.5958904109589042,0.6061643835616438,0.5958904109589042,0.0,0.6027397260273972,0.0,0.5958904109589042,0.6164383561643836,0.613013698630137,0.6164383561643836,0.6061643835616438,0.6472602739726028,0.1643835616438356,0.6506849315068493,0.6232876712328768,0.6472602739726028,0.589041095890411,0.09246575342465754,0.5924657534246576,0.6232876712328768,0.10273972602739725,0.09246575342465754,0.6232876712328768,0.09246575342465754,0.6472602739726028,0.5308219178082192,0.6438356164383562,0.6438356164383562,0.6267123287671234,0.6164383561643836,0.6027397260273972,0.6232876712328768,0.6267123287671234,0.6164383561643836,0.11643835616438357,0.6472602739726028,0.6438356164383562,0.6061643835616438,0.6232876712328768,0.09246575342465754,0.589041095890411,0.0,0.6438356164383562,0.6267123287671234,0.6267123287671234,0.0,0.589041095890411,0.613013698630137,0.6472602739726028,0.613013698630137,0.6267123287671234,0.6472602739726028,0.6164383561643836,1.0,1.0
TRBV29_OR9-2_01,0.726027397260274,0.0,0.6472602739726028,1.0,0.6232876712328768,0.0,0.7397260273972603,0.5376712328767124,0.0,0.684931506849315,0.6198630136986302,0.6232876712328768,0.5993150684931507,0.6027397260273972,0.6506849315068493,0.7397260273972603,0.6472602739726028,0.726027397260274,0.6438356164383562,0.0,0.0,0.684931506849315,0.6917808219178082,0.6986301369863014,0.6027397260273972,0.0,0.565068493150685,0.6541095890410958,0.6917808219178082,0.6986301369863014,0.6917808219178082,0.5924657534246576,0.726027397260274,0.684931506849315,0.7431506849315068,0.0,0.678082191780822,0.5308219178082192,0.6575342465753424,0.5308219178082192,0.6027397260273972,0.6027397260273972,0.6506849315068493,0.0,0.5787671232876712,0.726027397260274,0.5993150684931507,0.6541095890410958,0.6027397260273972,0.6232876712328768,0.6198630136986302,0.6472602739726028,0.6541095890410958,0.726027397260274,0.0,0.6164383561643836,0.6541095890410958,0.6472602739726028,0.6917808219178082,0.6232876712328768,0.684931506849315,0.5034246575342466,0.6438356164383562,0.726027397260274,0.7397260273972603,0.6061643835616438,0.5787671232876712,0.0,0.684931506849315,0.5924657534246576,0.6232876712328768,0.6027397260273972,0.6438356164383562,0.6541095890410958,0.6232876712328768,0.6506849315068493,0.6472602739726028,0.6506849315068493,0.6232876712328768,0.6575342465753424,0.6232876712328768,0.6506849315068493,0.726027397260274,0.5308219178082192,0.726027397260274,0.6472602739726028,0.6917808219178082,0.6198630136986302,0.7431506849315068,0.0,0.6917808219178082,0.6541095890410958,0.6267123287671234,0.6438356164383562,0.0,0.6027397260273972,0.5993150684931507,0.0,0.5993150684931507,0.6917808219178082,0.5376712328767124,0.7397260273972603,0.678082191780822,0.684931506849315,0.726027397260274,0.6575342465753424,0.0,0.684931506849315,0.726027397260274,0.5924657534246576,0.6917808219178082,0.6712328767123288,0.6472602739726028,0.0,0.5993150684931507,0.6541095890410958,0.6232876712328768,0.6712328767123288,0.684931506849315,0.684931506849315,0.6232876712328768,0.6541095890410958,0.6541095890410958,0.6917808219178082,0.6438356164383562,0.684931506849315,0.6917808219178082,0.726027397260274,1.0,1.0
TRBV12-4_02,0.17123287671232876,0.7397260273972603,0.16095890410958905,0.8424657534246576,0.6438356164383562,0.7397260273972603,0.0,0.1506849315068493,0.7397260273972603,0.13698630136986303,0.6335616438356165,0.6438356164383562,0.6267123287671234,0.6506849315068493,0.1678082191780822,0.0,0.16095890410958905,0.17123287671232876,0.18493150684931509,0.7397260273972603,0.7397260273972603,0.13698630136986303,0.2226027397260274,0.1541095890410959,0.6506849315068493,0.7397260273972603,0.6506849315068493,0.1643835616438356,0.2226027397260274,0.1541095890410959,0.2226027397260274,0.6438356164383562,0.17123287671232876,0.13698630136986303,0.19863013698630136,0.7397260273972603,0.1232876712328767,0.27397260273972607,0.14383561643835616,0.27397260273972607,0.6506849315068493,0.6506849315068493,0.1678082191780822,0.7397260273972603,0.6541095890410958,0.17123287671232876,0.6267123287671234,0.1643835616438356,0.5993150684931507,0.6438356164383562,0.6335616438356165,0.16095890410958905,0.1643835616438356,0.17123287671232876,0.7397260273972603,0.6643835616438356,0.1643835616438356,0.16095890410958905,0.2226027397260274,0.6438356164383562,0.13698630136986303,0.1643835616438356,0.17123287671232876,0.17123287671232876,0.0,0.6164383561643836,0.6541095890410958,0.7397260273972603,0.13698630136986303,0.6438356164383562,0.6438356164383562,0.5993150684931507,0.17123287671232876,0.18835616438356168,0.6232876712328768,0.1678082191780822,0.16095890410958905,0.1678082191780822,0.6438356164383562,0.14383561643835616,0.6438356164383562,0.1678082191780822,0.17123287671232876,0.27397260273972607,0.17123287671232876,0.16095890410958905,0.2226027397260274,0.6335616438356165,0.19863013698630136,0.7397260273972603,0.2226027397260274,0.1643835616438356,0.6232876712328768,0.18493150684931509,0.7397260273972603,0.6506849315068493,0.6267123287671234,0.7397260273972603,0.6267123287671234,0.2226027397260274,0.1506849315068493,0.0,0.1232876712328767,0.13698630136986303,0.17123287671232876,0.14383561643835616,0.7397260273972603,0.13698630136986303,0.17123287671232876,0.6438356164383562,0.2226027397260274,0.18493150684931509,0.16095890410958905,0.7397260273972603,0.6267123287671234,0.1643835616438356,0.6438356164383562,0.18493150684931509,0.13698630136986303,0.13698630136986303,0.6438356164383562,0.1643835616438356,0.18835616438356168,0.2226027397260274,0.1541095890410959,0.13698630136986303,0.2226027397260274,0.17123287671232876,1.0,1.0
TRBV07-6_02,0.0,0.5376712328767124,0.10958904109589042,0.8184931506849316,0.5308219178082192,0.5376712328767124,0.1506849315068493,0.0,0.5376712328767124,0.17465753424657535,0.5445205479452055,0.5308219178082192,0.5136986301369864,0.523972602739726,0.09246575342465754,0.1506849315068493,0.10958904109589042,0.0,0.11986301369863013,0.5376712328767124,0.5376712328767124,0.17465753424657535,0.226027397260274,0.15753424657534248,0.523972602739726,0.5376712328767124,0.4623287671232877,0.0821917808219178,0.226027397260274,0.15753424657534248,0.226027397260274,0.5479452054794521,0.0,0.17465753424657535,0.226027397260274,0.5376712328767124,0.17123287671232876,0.2705479452054795,0.07534246575342465,0.2705479452054795,0.523972602739726,0.523972602739726,0.09246575342465754,0.5376712328767124,0.5342465753424658,0.0,0.5136986301369864,0.0821917808219178,0.5102739726027398,0.5308219178082192,0.5445205479452055,0.10958904109589042,0.0821917808219178,0.0,0.5376712328767124,0.5479452054794521,0.0821917808219178,0.10958904109589042,0.226027397260274,0.5308219178082192,0.17465753424657535,0.0821917808219178,0.14726027397260275,0.0,0.1506849315068493,0.5205479452054794,0.5342465753424658,0.5376712328767124,0.17465753424657535,0.5479452054794521,0.5308219178082192,0.5102739726027398,0.14726027397260275,0.11643835616438357,0.5342465753424658,0.09246575342465754,0.10958904109589042,0.09246575342465754,0.5308219178082192,0.07534246575342465,0.5308219178082192,0.09246575342465754,0.0,0.2705479452054795,0.0,0.10958904109589042,0.226027397260274,0.5445205479452055,0.226027397260274,0.5376712328767124,0.226027397260274,0.0821917808219178,0.5308219178082192,0.11986301369863013,0.5376712328767124,0.523972602739726,0.5136986301369864,0.5376712328767124,0.5136986301369864,0.226027397260274,0.0,0.1506849315068493,0.17123287671232876,0.17465753424657535,0.0,0.07534246575342465,0.5376712328767124,0.17465753424657535,0.0,0.5479452054794521,0.226027397260274,0.18493150684931509,0.10958904109589042,0.5376712328767124,0.5136986301369864,0.0821917808219178,0.5308219178082192,0.18493150684931509,0.17465753424657535,0.17465753424657535,0.5308219178082192,0.0821917808219178,0.11643835616438357,0.226027397260274,0.13356164383561644,0.17465753424657535,0.226027397260274,0.0,1.0,1.0
TRBV20-1_03,0.726027397260274,0.0,0.6472602739726028,1.0,0.6232876712328768,0.0,0.7397260273972603,0.5376712328767124,0.0,0.684931506849315,0.6198630136986302,0.6232876712328768,0.5993150684931507,0.6027397260273972,0.6506849315068493,0.7397260273972603,0.6472602739726028,0.726027397260274,0.6438356164383562,0.0,0.0,0.684931506849315,0.6917808219178082,0.6986301369863014,0.6027397260273972,0.0,0.565068493150685,0.6541095890410958,0.6917808219178082,0.6986301369863014,0.6917808219178082,0.5924657534246576,0.726027397260274,0.684931506849315,0.7431506849315068,0.0,0.678082191780822,0.5308219178082192,0.6575342465753424,0.5308219178082192,0.6027397260273972,0.6027397260273972,0.6506849315068493,0.0,0.5787671232876712,0.726027397260274,0.5993150684931507,0.6541095890410958,0.6027397260273972,0.6232876712328768,0.6198630136986302,0.6472602739726028,0.6541095890410958,0.726027397260274,0.0,0.613013698630137,0.6541095890410958,0.6472602739726028,0.6917808219178082,0.6232876712328768,0.684931506849315,0.5034246575342466,0.6438356164383562,0.726027397260274,0.7397260273972603,0.6061643835616438,0.5787671232876712,0.0,0.684931506849315,0.5924657534246576,0.6232876712328768,0.6027397260273972,0.6438356164383562,0.6541095890410958,0.6232876712328768,0.6506849315068493,0.6472602739726028,0.6506849315068493,0.6232876712328768,0.6575342465753424,0.6232876712328768,0.6506849315068493,0.726027397260274,0.5308219178082192,0.726027397260274,0.6472602739726028,0.6917808219178082,0.6198630136986302,0.7431506849315068,0.0,0.6917808219178082,0.6541095890410958,0.6267123287671234,0.6438356164383562,0.0,0.6027397260273972,0.5993150684931507,0.0,0.5993150684931507,0.6917808219178082,0.5376712328767124,0.7397260273972603,0.678082191780822,0.684931506849315,0.726027397260274,0.6575342465753424,0.0,0.684931506849315,0.726027397260274,0.5924657534246576,0.6917808219178082,0.6712328767123288,0.6472602739726028,0.0,0.5993150684931507,0.6541095890410958,0.6232876712328768,0.6712328767123288,0.684931506849315,0.684931506849315,0.6232876712328768,0.6541095890410958,0.6541095890410958,0.6917808219178082,0.6438356164383562,0.684931506849315,0.6917808219178082,0.726027397260274,1.0,1.0
TRBV04-1_02,0.226027397260274,0.684931506849315,0.2054794520547945,0.8767123287671234,0.6267123287671234,0.684931506849315,0.13698630136986303,0.17465753424657535,0.684931506849315,0.0,0.6027397260273972,0.6267123287671234,0.6095890410958904,0.6335616438356165,0.16095890410958905,0.13698630136986303,0.2054794520547945,0.226027397260274,0.17123287671232876,0.684931506849315,0.684931506849315,0.0,0.11643835616438357,0.10616438356164384,0.6335616438356165,0.684931506849315,0.6506849315068493,0.1678082191780822,0.11643835616438357,0.10616438356164384,0.11643835616438357,0.6232876712328768,0.226027397260274,0.0,0.18493150684931509,0.684931506849315,0.08561643835616438,0.1815068493150685,0.1404109589041096,0.1815068493150685,0.6335616438356165,0.6335616438356165,0.16095890410958905,0.684931506849315,0.6369863013698631,0.226027397260274,0.6095890410958904,0.1678082191780822,0.5753424657534246,0.6267123287671234,0.6027397260273972,0.2054794520547945,0.1678082191780822,0.226027397260274,0.684931506849315,0.6404109589041096,0.1678082191780822,0.2054794520547945,0.11643835616438357,0.6267123287671234,0.0,0.17123287671232876,0.09931506849315068,0.226027397260274,0.13698630136986303,0.5958904109589042,0.6369863013698631,0.684931506849315,0.0,0.6232876712328768,0.6267123287671234,0.5753424657534246,0.09931506849315068,0.22945205479452058,0.6027397260273972,0.16095890410958905,0.2054794520547945,0.16095890410958905,0.6267123287671234,0.14383561643835616,0.6267123287671234,0.16095890410958905,0.226027397260274,0.1815068493150685,0.226027397260274,0.2054794520547945,0.11643835616438357,0.6027397260273972,0.18493150684931509,0.684931506849315,0.11643835616438357,0.1678082191780822,0.6095890410958904,0.17123287671232876,0.684931506849315,0.6335616438356165,0.6095890410958904,0.684931506849315,0.6095890410958904,0.11643835616438357,0.17465753424657535,0.13698630136986303,0.08561643835616438,0.0,0.226027397260274,0.14383561643835616,0.684931506849315,0.0,0.226027397260274,0.6232876712328768,0.11643835616438357,0.10958904109589042,0.2054794520547945,0.684931506849315,0.6095890410958904,0.1678082191780822,0.6267123287671234,0.10958904109589042,0.0,0.0,0.6267123287671234,0.1678082191780822,0.22945205479452058,0.11643835616438357,0.10616438356164384,0.0,0.11643835616438357,0.226027397260274,1.0,1.0
TRBV19_01,0.6198630136986302,0.6198630136986302,0.6095890410958904,0.928082191780822,0.1643835616438356,0.6198630136986302,0.6335616438356165,0.5445205479452055,0.6198630136986302,0.6027397260273972,0.0,0.1643835616438356,0.11643835616438357,0.16095890410958905,0.5958904109589042,0.6335616438356165,0.6095890410958904,0.6198630136986302,0.589041095890411,0.6198630136986302,0.6198630136986302,0.6027397260273972,0.6232876712328768,0.6267123287671234,0.16095890410958905,0.6198630136986302,0.2568493150684932,0.589041095890411,0.6232876712328768,0.6267123287671234,0.6232876712328768,0.11986301369863013,0.6198630136986302,0.6027397260273972,0.6335616438356165,0.6198630136986302,0.6198630136986302,0.5958904109589042,0.5993150684931507,0.5958904109589042,0.16095890410958905,0.16095890410958905,0.5958904109589042,0.6198630136986302,0.13356164383561644,0.6198630136986302,0.11643835616438357,0.589041095890411,0.06849315068493152,0.1643835616438356,0.0,0.6095890410958904,0.589041095890411,0.6198630136986302,0.6198630136986302,0.1678082191780822,0.589041095890411,0.6095890410958904,0.6232876712328768,0.1643835616438356,0.6027397260273972,0.5547945205479452,0.5821917808219178,0.6198630136986302,0.6335616438356165,0.10273972602739725,0.13356164383561644,0.6198630136986302,0.6027397260273972,0.11986301369863013,0.1643835616438356,0.06849315068493152,0.5821917808219178,0.6232876712328768,0.10958904109589042,0.5958904109589042,0.6095890410958904,0.5958904109589042,0.1643835616438356,0.5993150684931507,0.1643835616438356,0.5958904109589042,0.6198630136986302,0.5958904109589042,0.6198630136986302,0.6095890410958904,0.6232876712328768,0.0,0.6335616438356165,0.6198630136986302,0.6232876712328768,0.589041095890411,0.16095890410958905,0.589041095890411,0.6198630136986302,0.16095890410958905,0.11643835616438357,0.6198630136986302,0.11643835616438357,0.6232876712328768,0.5445205479452055,0.6335616438356165,0.6198630136986302,0.6027397260273972,0.6198630136986302,0.5993150684931507,0.6198630136986302,0.6027397260273972,0.6198630136986302,0.11986301369863013,0.6232876712328768,0.6232876712328768,0.6095890410958904,0.6198630136986302,0.11643835616438357,0.589041095890411,0.1643835616438356,0.6232876712328768,0.6027397260273972,0.6027397260273972,0.1643835616438356,0.589041095890411,0.6232876712328768,0.6232876712328768,0.6027397260273972,0.6027397260273972,0.6232876712328768,0.6198630136986302,1.0,1.0
TRBV10-3_01,0.6164383561643836,0.6232876712328768,0.6061643835616438,0.9143835616438356,0.0,0.6232876712328768,0.6438356164383562,0.5308219178082192,0.6232876712328768,0.6267123287671234,0.1643835616438356,0.0,0.09246575342465754,0.10273972602739725,0.5958904109589042,0.6438356164383562,0.6061643835616438,0.6164383561643836,0.5924657534246576,0.6232876712328768,0.6232876712328768,0.6267123287671234,0.6472602739726028,0.6438356164383562,0.10273972602739725,0.6232876712328768,0.18493150684931509,0.589041095890411,0.6472602739726028,0.6438356164383562,0.6472602739726028,0.11643835616438357,0.6164383561643836,0.6267123287671234,0.6506849315068493,0.6232876712328768,0.6438356164383562,0.613013698630137,0.6027397260273972,0.613013698630137,0.10273972602739725,0.10273972602739725,0.5958904109589042,0.6232876712328768,0.17465753424657535,0.6164383561643836,0.09246575342465754,0.589041095890411,0.13698630136986303,0.0,0.1643835616438356,0.6061643835616438,0.589041095890411,0.6164383561643836,0.6232876712328768,0.07534246575342465,0.589041095890411,0.6061643835616438,0.6472602739726028,0.0,0.6267123287671234,0.5342465753424658,0.5993150684931507,0.6164383561643836,0.6438356164383562,0.09931506849315068,0.17465753424657535,0.6232876712328768,0.6267123287671234,0.11643835616438357,0.0,0.13698630136986303,0.5993150684931507,0.613013698630137,0.13356164383561644,0.5958904109589042,0.6061643835616438,0.5958904109589042,0.0,0.6027397260273972,0.0,0.5958904109589042,0.6164383561643836,0.613013698630137,0.6164383561643836,0.6061643835616438,0.6472602739726028,0.1643835616438356,0.6506849315068493,0.6232876712328768,0.6472602739726028,0.589041095890411,0.09246575342465754,0.5924657534246576,0.6232876712328768,0.10273972602739725,0.09246575342465754,0.6232876712328768,0.09246575342465754,0.6472602739726028,0.5308219178082192,0.6438356164383562,0.6438356164383562,0.6267123287671234,0.6164383561643836,0.6027397260273972,0.6232876712328768,0.6267123287671234,0.6164383561643836,0.11643835616438357,0.6472602739726028,0.6438356164383562,0.6061643835616438,0.6232876712328768,0.09246575342465754,0.589041095890411,0.0,0.6438356164383562,0.6267123287671234,0.6267123287671234,0.0,0.589041095890411,0.613013698630137,0.6472602739726028,0.613013698630137,0.6267123287671234,0.6472602739726028,0.6164383561643836,1.0,1.0
TRBV06-6_04,0.6061643835616438,0.5993150684931507,0.5924657534246576,0.9315068493150686,0.09246575342465754,0.5993150684931507,0.6267123287671234,0.5136986301369864,0.5993150684931507,0.6095890410958904,0.11643835616438357,0.09246575342465754,0.0,0.08904109589041097,0.5856164383561644,0.6267123287671234,0.5924657534246576,0.6061643835616438,0.5787671232876712,0.5993150684931507,0.5993150684931507,0.6095890410958904,0.6335616438356165,0.6301369863013699,0.08904109589041097,0.5993150684931507,0.17123287671232876,0.5787671232876712,0.6335616438356165,0.6301369863013699,0.6335616438356165,0.058219178082191785,0.6061643835616438,0.6095890410958904,0.6335616438356165,0.5993150684931507,0.6232876712328768,0.5924657534246576,0.589041095890411,0.5924657534246576,0.08904109589041097,0.08904109589041097,0.5856164383561644,0.5993150684931507,0.10273972602739725,0.6061643835616438,0.0,0.5787671232876712,0.07534246575342465,0.09246575342465754,0.11643835616438357,0.5924657534246576,0.5787671232876712,0.6061643835616438,0.5993150684931507,0.09931506849315068,0.5787671232876712,0.5924657534246576,0.6335616438356165,0.09246575342465754,0.6095890410958904,0.517123287671233,0.5856164383561644,0.6061643835616438,0.6267123287671234,0.04794520547945206,0.10273972602739725,0.5993150684931507,0.6095890410958904,0.058219178082191785,0.09246575342465754,0.07534246575342465,0.5856164383561644,0.5993150684931507,0.11643835616438357,0.5856164383561644,0.5924657534246576,0.5856164383561644,0.09246575342465754,0.589041095890411,0.09246575342465754,0.5856164383561644,0.6061643835616438,0.5924657534246576,0.6061643835616438,0.5924657534246576,0.6335616438356165,0.11643835616438357,0.6335616438356165,0.5993150684931507,0.6335616438356165,0.5787671232876712,0.08561643835616438,0.5787671232876712,0.5993150684931507,0.08904109589041097,0.0,0.5993150684931507,0.0,0.6335616438356165,0.5136986301369864,0.6267123287671234,0.6232876712328768,0.6095890410958904,0.6061643835616438,0.589041095890411,0.5993150684931507,0.6095890410958904,0.6061643835616438,0.058219178082191785,0.6335616438356165,0.6335616438356165,0.5924657534246576,0.5993150684931507,0.0,0.5787671232876712,0.09246575342465754,0.6335616438356165,0.6095890410958904,0.6095890410958904,0.09246575342465754,0.5787671232876712,0.5993150684931507,0.6335616438356165,0.6027397260273972,0.6095890410958904,0.6335616438356165,0.6061643835616438,1.0,1.0
TRBV06-8_01,0.6164383561643836,0.6027397260273972,0.6061643835616438,0.9075342465753424,0.10273972602739725,0.6027397260273972,0.6506849315068493,0.523972602739726,0.6027397260273972,0.6335616438356165,0.16095890410958905,0.10273972602739725,0.08904109589041097,0.0,0.6061643835616438,0.6506849315068493,0.6061643835616438,0.6164383561643836,0.6027397260273972,0.6027397260273972,0.6027397260273972,0.6335616438356165,0.6472602739726028,0.6438356164383562,0.0,0.6027397260273972,0.13698630136986303,0.6027397260273972,0.6472602739726028,0.6438356164383562,0.6472602739726028,0.10958904109589042,0.6164383561643836,0.6335616438356165,0.6404109589041096,0.6027397260273972,0.6404109589041096,0.5924657534246576,0.6095890410958904,0.5924657534246576,0.0,0.0,0.6061643835616438,0.6027397260273972,0.1643835616438356,0.6164383561643836,0.08904109589041097,0.6027397260273972,0.14383561643835616,0.10273972602739725,0.16095890410958905,0.6061643835616438,0.6027397260273972,0.6164383561643836,0.6027397260273972,0.11643835616438357,0.6027397260273972,0.6061643835616438,0.6472602739726028,0.10273972602739725,0.6335616438356165,0.5308219178082192,0.6061643835616438,0.6164383561643836,0.6506849315068493,0.10273972602739725,0.1643835616438356,0.6027397260273972,0.6335616438356165,0.10958904109589042,0.10273972602739725,0.14383561643835616,0.6061643835616438,0.613013698630137,0.09931506849315068,0.6061643835616438,0.6061643835616438,0.6061643835616438,0.10273972602739725,0.6095890410958904,0.10273972602739725,0.6061643835616438,0.6164383561643836,0.5924657534246576,0.6164383561643836,0.6061643835616438,0.6472602739726028,0.16095890410958905,0.6404109589041096,0.6027397260273972,0.6472602739726028,0.6027397260273972,0.07534246575342465,0.6027397260273972,0.6027397260273972,0.0,0.08904109589041097,0.6027397260273972,0.08904109589041097,0.6472602739726028,0.523972602739726,0.6506849315068493,0.6404109589041096,0.6335616438356165,0.6164383561643836,0.6095890410958904,0.6027397260273972,0.6335616438356165,0.6164383561643836,0.10958904109589042,0.6472602739726028,0.6438356164383562,0.6061643835616438,0.6027397260273972,0.08904109589041097,0.6027397260273972,0.10273972602739725,0.6438356164383562,0.6335616438356165,0.6335616438356165,0.10273972602739725,0.6027397260273972,0.613013698630137,0.6472602739726028,0.6198630136986302,0.6335616438356165,0.6472602739726028,0.6164383561643836,1.0,1.0
TRBV07-3_02,0.1678082191780822,0.6506849315068493,0.1232876712328767,0.8561643835616438,0.5958904109589042,0.6506849315068493,0.1678082191780822,0.09246575342465754,0.6506849315068493,0.16095890410958905,0.5958904109589042,0.5958904109589042,0.5856164383561644,0.6061643835616438,0.0,0.1678082191780822,0.1232876712328767,0.1678082191780822,0.058219178082191785,0.6506849315068493,0.6506849315068493,0.16095890410958905,0.21575342465753425,0.17465753424657535,0.6061643835616438,0.6506849315068493,0.6095890410958904,0.06506849315068493,0.21575342465753425,0.17465753424657535,0.21575342465753425,0.5958904109589042,0.1678082191780822,0.16095890410958905,0.2568493150684932,0.6506849315068493,0.17123287671232876,0.2808219178082192,0.07191780821917808,0.2808219178082192,0.6061643835616438,0.6061643835616438,0.0,0.6506849315068493,0.613013698630137,0.1678082191780822,0.5856164383561644,0.06506849315068493,0.5616438356164384,0.5958904109589042,0.5958904109589042,0.1232876712328767,0.06506849315068493,0.1678082191780822,0.6506849315068493,0.613013698630137,0.06506849315068493,0.1232876712328767,0.21575342465753425,0.5958904109589042,0.16095890410958905,0.05479452054794521,0.13013698630136986,0.1678082191780822,0.1678082191780822,0.5753424657534246,0.613013698630137,0.6506849315068493,0.16095890410958905,0.5958904109589042,0.5958904109589042,0.5616438356164384,0.13013698630136986,0.1232876712328767,0.589041095890411,0.0,0.1232876712328767,0.0,0.5958904109589042,0.07191780821917808,0.5958904109589042,0.0,0.1678082191780822,0.2808219178082192,0.1678082191780822,0.1232876712328767,0.21575342465753425,0.5958904109589042,0.2568493150684932,0.6506849315068493,0.21575342465753425,0.06506849315068493,0.5821917808219178,0.058219178082191785,0.6506849315068493,0.6061643835616438,0.5856164383561644,0.6506849315068493,0.5856164383561644,0.21575342465753425,0.09246575342465754,0.1678082191780822,0.17123287671232876,0.16095890410958905,0.1678082191780822,0.07191780821917808,0.6506849315068493,0.16095890410958905,0.1678082191780822,0.5958904109589042,0.21575342465753425,0.1815068493150685,0.1232876712328767,0.6506849315068493,0.5856164383561644,0.06506849315068493,0.5958904109589042,0.1815068493150685,0.16095890410958905,0.16095890410958905,0.5958904109589042,0.06506849315068493,0.1232876712328767,0.21575342465753425,0.113013698630137,0.16095890410958905,0.21575342465753425,0.1678082191780822,1.0,1.0
TRBV12-3_01,0.17123287671232876,0.7397260273972603,0.16095890410958905,0.8424657534246576,0.6438356164383562,0.7397260273972603,0.0,0.1506849315068493,0.7397260273972603,0.13698630136986303,0.6335616438356165,0.6438356164383562,0.6267123287671234,0.6506849315068493,0.1678082191780822,0.0,0.16095890410958905,0.17123287671232876,0.18493150684931509,0.7397260273972603,0.7397260273972603,0.13698630136986303,0.2226027397260274,0.1541095890410959,0.6506849315068493,0.7397260273972603,0.6506849315068493,0.1643835616438356,0.2226027397260274,0.1541095890410959,0.2226027397260274,0.6438356164383562,0.17123287671232876,0.13698630136986303,0.19863013698630136,0.7397260273972603,0.1232876712328767,0.27397260273972607,0.14383561643835616,0.27397260273972607,0.6506849315068493,0.6506849315068493,0.1678082191780822,0.7397260273972603,0.6541095890410958,0.17123287671232876,0.6267123287671234,0.1643835616438356,0.5993150684931507,0.6438356164383562,0.6335616438356165,0.16095890410958905,0.1643835616438356,0.17123287671232876,0.7397260273972603,0.6643835616438356,0.1643835616438356,0.16095890410958905,0.2226027397260274,0.6438356164383562,0.13698630136986303,0.1643835616438356,0.17123287671232876,0.17123287671232876,0.0,0.6164383561643836,0.6541095890410958,0.7397260273972603,0.13698630136986303,0.6438356164383562,0.6438356164383562,0.5993150684931507,0.17123287671232876,0.18835616438356168,0.6232876712328768,0.1678082191780822,0.16095890410958905,0.1678082191780822,0.6438356164383562,0.14383561643835616,0.6438356164383562,0.1678082191780822,0.17123287671232876,0.27397260273972607,0.17123287671232876,0.16095890410958905,0.2226027397260274,0.6335616438356165,0.19863013698630136,0.7397260273972603,0.2226027397260274,0.1643835616438356,0.6232876712328768,0.18493150684931509,0.7397260273972603,0.6506849315068493,0.6267123287671234,0.7397260273972603,0.6267123287671234,0.2226027397260274,0.1506849315068493,0.0,0.1232876712328767,0.13698630136986303,0.17123287671232876,0.14383561643835616,0.7397260273972603,0.13698630136986303,0.17123287671232876,0.6438356164383562,0.2226027397260274,0.18493150684931509,0.16095890410958905,0.7397260273972603,0.6267123287671234,0.1643835616438356,0.6438356164383562,0.18493150684931509,0.13698630136986303,0.13698630136986303,0.6438356164383562,0.1643835616438356,0.18835616438356168,0.2226027397260274,0.1541095890410959,0.13698630136986303,0.2226027397260274,0.17123287671232876,1.0,1.0
